strategic_region={
	id=10
	name="WALLONIE_10"
	provinces={
		1019 1050 1062 1084 1105 1111 1112 1113 1142 1151 1152 1162 1167 1183 1186 1193 1194 1198 1199 1207 1212 1218 1219 1225 1230 1231 1236 1245 1252 1253 1257 1262 1268 1269 1270 1280 1283 1290 1291 1299 1304 1311 1312 1313 1331 1332 1333 1337 1344 1355 1356 1357 1376 1377 984 989 990 1026 1031 1032 1054 1075 1076 1077 1096 1098 1099 1114 1125 1153 1175 
	}
	weather={
		period={
			between={ 0.0 30.11 }
			temperature={ 10.0, 15.0 }
			temperature_day_night={ 5.0 10.0 }
			no_phenomenon=0.500
			rain_light=1.000
			rain_heavy=0.150
			snow=0.000
			blizzard=0.000
			arctic_water=0.000
			mud=0.000
			sandstorm=0.000
			min_snow_level=0.000
		}
	}
}
