#COLOR 31 146 77
strategic_region={
	id=100
	name=100_UNNAMEDSTATE_31_146_77
	provinces={
		10754 10244 10246 10762 11276 10262 10779 11292 10783 10275 11302 10280 11310 10287 11312 10810 11322 11323 1088 10311 10830 10324 10326 600 11352 603 11358 10848 11362 11363 10344 10345 10856 10859 11370 10862 10871 10369 11394 11395 10889 11401 11411 10396 11420 11424 678 10923 10928 11449 10431 11460 10441 10453 11483 10975 10468 10982 11496 10992 11005 11006 11520 10499 10501 11027 11542 11543 10527 289 11046 300 11058 11064 11065 11581 11076 10054 10055 11080 11081 10573 11094 10072 11622 10087 11629 11635 11638 11642 10109 11134 10112 386 10119 11149 10135 10648 10137 11160 11161 10653 10654 10144 10146 10151 11179 10157 10672 11186 10680 10170 10691 10187 10713 10720 10722 10723 10737 11254 10231 10744 10239
	}
	weather={
	}
}
