#COLOR 75 254 199
strategic_region={
	id=101
	name=101_Armenian_Highlands
	provinces={
		11271 10763 10775 11287 10301 11328 10317 11346 10327 11361 10339 10854 10867 10868 10375 10891 11406 10903 10927 10417 10933 10427 10946 10437 10438 10439 10950 11468 10447 10959 10964 10968 11482 10971 11487 11492 10983 10986 10475 11000 11513 11001 10498 11530 10508 11020 10510 10512 11539 11036 11549 10537 10541 11054 11057 10552 10571 10597 10598 10600 11115 11116 11117 11631 11120 11632 11124 10630 11143 11156 11158 11176 11194 11197 10687 11207 11211 11229 10718 11232 11263
	}
	weather={
	}
}
