#COLOR 168 74 21
strategic_region={
	id=102
	name=102_Kura_Aras_Lowland
	provinces={
		1546 10767 531 10271 545 10279 10799 10296 1602 10819 11332 11333 11334 10839 601 10855 10351 10353 10354 10368 11410 147 11416 10395 11428 10921 10922 190 10430 10961 10457 11493 11494 10985 11509 11003 764 258 259 11019 1293 11540 10525 11557 10547 1332 10053 11591 10057 10062 10063 10064 10068 11605 11608 10074 10075 10081 10082 10083 10092 11640 11643 11644 11645 10622 10142 10657 10147 424 10165 11199 460 10190 10191 1493 10200 10719 993 484 10214 10215 10216 10728 10225 10228 10234
	}
	weather={
	}
}
