#COLOR 185 79 242
strategic_region={
	id=103
	name=103_Cukurova_Plain
	provinces={
		10784 10274 10787 11303 10794 11315 11321 10832 10833 10841 10842 10843 11364 10342 10355 10356 11381 10875 10884 10887 10895 10896 11409 10386 11418 10908 11423 11425 10924 10926 11446 10434 11458 11464 10442 11466 10963 10460 11485 10467 10988 11502 10998 11002 11013 11526 10516 11028 11043 10536 11565 10543 11059 10548 10554 11066 11069 11582 11583 11596 10061 11598 10588 10078 11103 11628 10095 10609 10610 11122 11127 11646 11136 10625 10116 10117 10647 11170 10148 10670 10682 10683 11201 10692 10182 10197 11224 10715 10211 11235 11236 11248 10738
	}
	weather={
	}
}
