#COLOR 193 51 16
strategic_region={
	id=104
	name=104_UNNAMEDSTATE_193_51_16
	provinces={
		10241 11265 10756 10757 10758 11269 11273 10251 10252 10257 10258 10259 10260 10771 11283 11285 10265 10266 10267 10268 10782 11294 10785 10276 10791 10282 10795 10284 10285 11313 11314 10808 10303 10815 10309 10310 10315 10316 11344 10834 10329 10331 11356 10335 10336 10337 11366 11369 10347 11378 11382 10872 10363 10364 10876 10878 10373 10377 10378 11403 10380 10893 10383 10897 10388 10900 10902 11415 10394 10398 10399 10910 10914 10405 10918 11430 10408 11435 10414 10415 11438 10929 10930 10931 10932 10934 10423 10426 10942 10943 10944 10446 11471 10449 10450 10965 10456 11480 10461 10978 10979 10469 10471 11499 11501 10480 11504 11506 10996 11508 11510 10487 10488 11512 11514 11517 10494 11007 10497 10502 11014 10507 11532 11024 11025 11026 10515 11538 10517 11029 11541 10521 10522 10523 11545 11550 11039 10528 10540 11055 10545 11062 10553 11067 11068 10557 10558 11070 11579 10052 10565 11589 10568 10569 10065 10066 10577 11601 10582 10071 11095 10073 10076 11102 10080 10592 11616 10084 10596 11620 11623 10088 10089 10602 10603 11112 11114 10098 10101 11637 10614 10104 10615 10616 11131 11132 10628 11652 10121 10122 10126 10127 10128 10129 10136 10138 10651 10652 11163 10143 10149 11173 11174 10153 10154 10666 10156 11178 10158 10162 10674 10168 10172 10688 10689 11202 10693 10184 10696 10188 10705 10194 10706 10199 10716 994 10210 10212 10213 11237 10220 10733 10223 10224 10230 10746 10749
	}
	weather={
	}
}
