#COLOR 213 192 80
strategic_region={
	id=105
	name=105_Koroglus
	provinces={
		10755 11289 11290 11291 10780 11311 10805 10300 10812 11326 11327 10817 10823 10826 10831 11350 10328 11353 11365 10857 10346 10863 11375 10865 10866 10357 11384 10873 11390 11393 10372 11400 10892 10912 11429 11432 11437 11439 11440 11441 11442 10938 10941 11455 11456 11476 11490 10981 10990 11511 10500 11527 11023 10519 11031 11037 10529 11559 11575 10555 11587 10056 11593 10060 10067 11092 11609 10586 10079 11107 11108 11626 10099 11128 11129 10624 10632 11144 10650 10660 10661 11182 11183 11192 10684 10686 10183 10695 10185 10704 11218 10721 10726 10219 10735 11247 10742 10747 11262
	}
	weather={
	}
}
