#COLOR 225 229 36
strategic_region={
	id=106
	name=106_Caucasus
	provinces={
		11274 10253 10766 10261 10269 10272 11298 10278 10288 10800 10801 11316 11317 10302 10304 10820 10821 11335 10312 10828 10319 11349 10330 10340 11379 10359 11388 11389 10880 10376 11417 10400 10401 10402 10920 10416 10418 10936 10425 10429 10440 10960 10458 10972 10463 10984 10987 11500 10483 10490 11518 10495 11010 11011 11523 11524 11525 11021 11022 10511 11034 10526 10534 11563 10542 10546 11580 10560 11585 11586 11592 11084 11085 11606 10583 11098 10077 10085 10601 10090 11625 11118 10607 10608 11119 10100 11125 10102 10103 10620 10621 11133 10113 10115 10120 10123 10124 10125 10644 11157 11159 10139 11166 11167 10152 10155 10159 10161 10163 11188 11189 10679 10179 10697 10186 11210 11213 11214 10710 11243 10226 10227 11251
	}
	weather={
	}
}
