#COLOR 231 85 58
strategic_region={
	id=107
	name=107_UNNAMEDSTATE_231_85_58
	provinces={
		10247 10760 10765 11279 11280 11282 10270 11297 10786 11307 11308 10797 10286 10798 11309 10289 10806 10807 10809 11329 10818 11331 10825 10827 11347 10837 11354 10332 11360 10849 10338 10850 10852 10853 11371 11372 10349 10350 11376 10360 10361 10366 10367 10879 11396 11397 11404 10389 10901 11414 10905 10906 10911 10915 10916 10917 10409 11433 11444 10935 10428 11452 10945 10947 10948 10949 11462 10955 10956 10957 10451 10966 10970 10462 11491 10472 10473 11503 10482 10999 10489 11515 10496 11009 11521 11015 11528 11018 10509 11534 11537 11032 11544 11546 11035 10524 11547 11548 10531 10532 10533 11555 11566 11567 11056 11568 11571 11061 11574 10556 10559 11584 11074 10567 10570 11083 11260 11600 11602 11603 10581 11612 11615 10593 10594 10595 11617 11621 10599 11113 10091 10605 10096 11633 10611 10612 11123 10617 11641 10618 10619 10110 10111 11648 11650 10629 11142 11145 10634 10635 10636 10637 10638 11146 11154 10131 11155 10133 11162 10140 10141 10655 10658 11171 10664 10665 10667 10668 11180 11187 10164 10677 11198 10176 10694 11206 11209 11219 10709 11222 10205 10206 10207 10717 10727 11242 10734 10736 11250 10232 10233 11259 10748 10750 10751
	}
	weather={
	}
}
