#COLOR 255 128 52
strategic_region={
	id=108
	name=108_UNNAMEDSTATE_255_128_52
	provinces={
		10243 11268 10248 10250 11278 10769 10776 10781 11293 10788 10789 11300 10792 10290 10804 11319 11320 10297 10298 10811 10814 10305 10824 10314 11338 10325 11355 11368 10877 10365 11392 10886 10390 10391 10907 10404 10412 11445 10937 11450 10940 11459 11461 10952 10445 11469 11477 10969 10976 10465 10977 10989 11004 10492 11535 11552 11556 11045 11047 11561 11051 11570 10551 11578 10564 11077 11078 10058 10059 11597 11088 10578 10069 11093 11607 10585 10589 11104 10086 10606 11126 11138 10627 10633 11151 10646 10662 10671 11185 10166 10681 10180 10181 10701 10192 10708 10201 10202 11226 11238 10217 10740 10229 11252 10743
	}
	weather={
	}
}
