
strategic_region={
	id=10
	name="10_Languedoc"
	provinces={
		21 22 23 24 25 26 27 28 29 30 31 32 33 34 35 36 37 38 39 40 41 42 43 44 45 46 47 49 50 51 52 53 54 55 56 58 59 60 61 62 63 64 66 67 68 69 70 72 73 74 75 76 79 81 83 84 85 86 87 88 89 90 93 94 96 97 98 99 100 102 103 106 107 110 111 115 116 117 118 119 120 122 123 124 128 131 132 133 134 137 138 139 140 141 142 143 146 147 148 156 157 162 164 165 166 167 171 172 173 174 175 178 179 180 182 183 184 185 192 194 195 199 200 205 206 209 210 211 217 218 219 221 222 223 224 226 227 228 230 231 236 237 238 243 244 248 249 250 251 252 254 255 256 262 263 264 265 266 270 274 275 278 279 281 282 283 284 285 286 287 291 294 295 301 302 306 307 308 312 313 314 317 318 319 320 322 323 324 328 329 332 333 340 342 343 344 355 356 357 358 359 360 364 365 366 375 383 386 387 389 390 391 394 397 398 399 400 404 405 410 411 414 418 420 422 423 426 432 433 437 439 440 447 452 453 454 460 461 464 465 469 470 471 476 477 478 479 485 486 496 497 504 505 506 507 512 517 521 522 527 528 533 536 542 545 547 548 552 554 555 562 563 564 565 570 576 578 579 583 584 586 587 592 597 604 605 608 611 618 622 623 627 637 639 642 643 644 645 650 651 655 664 665 667 677 691 
	}
	weather={
	}
}
