strategic_region={
	id=11
	name="WESTPHALIA_11"
	provinces={
		1220 1240 1263 1264 1274 1281 1284 1300 1323 1324 1325 1345 1351 1358 1359 1364 1369 1378 1379 1394 1395 1396 1406 1407 1411 1417 1418 1419 1428 1429 1445 1446 1474 1480 1481 1486 1487 1488 1489 1490 1492 1493 1496 1497 1505 1508 1509 1515 1516 1519 1524 1530 1531 1533 1534 1535 1539 1540 1549 1550 1552 1553 1554 1555 1556 1557 1559 1560 1561 1562 1563 1564 1565 1566 1567 1568 1569 1570 1571 1572 1573 
	}
	weather={
		period={
			between={ 0.0 30.11 }
			temperature={ 10.0, 15.0 }
			temperature_day_night={ 5.0 10.0 }
			no_phenomenon=0.500
			rain_light=1.000
			rain_heavy=0.150
			snow=0.000
			blizzard=0.000
			arctic_water=0.000
			mud=0.000
			sandstorm=0.000
			min_snow_level=0.000
		}
	}
}
