#COLOR 242 238 71
strategic_region={
	id=110
	name=110_Tripolitania
	provinces={
		11776 11779 5 11781 11782 11784 11786 1063 143 154 1193 301 1344 1394 11661 11662 11663 11664 11665 11666 11667 11668 11669 11671 11674 11675 11676 925 11677 11680 11681 1444 11684 11685 11686 11688 11689 11690 11695 11697 11699 11700 11701 11709 11711 11713 11714 11715 11717 11718 11719 11722 11724 11725 11726 11731 11732 11734 11736 11740 11741 11743 11744 11748 11750 11751 11752 11753 11754 11757 11758 11763 11765 11766 11768 11769 11771 11773 11774 11775
	}
	weather={
	}
}
