#COLOR 26 183 137
strategic_region={
	id=111
	name=111_Southern_Uplands
	provinces={
		12416 12161 12163 12291 12292 12543 12415 12552 12044 12302 12176 12305 12178 12179 12052 12181 12182 12310 12184 12438 12189 12193 12194 12452 12200 12332 12206 12079 12209 12210 12211 12465 12467 12471 12472 12092 12476 12478 12480 12481 11970 12354 12484 12102 12363 12236 12364 12366 12491 11990 12507 12125 12253 12129 12130 12262 12136 12269 12014 12398 12525 12401 12020 12022 12414 12287
	}
	weather={
	}
}
