#COLOR 109 63 20
strategic_region={
	id=113
	name=113_Shannon
	provinces={
		11904 11908 11909 12039 11914 11918 11791 11919 11921 11794 11922 12051 12308 406 1174 1048 11798 11930 12183 11808 11809 11938 11940 11941 11814 11815 11943 12073 11822 12080 11825 11826 11827 948 11834 11835 11836 11964 11839 11840 11844 11848 11976 12105 11852 11981 1486 11855 11982 11985 12112 12114 12152 11861 11862 11863 12244 12249 11899 12123 12131 11877 12133 12134 11883 11885 1007 11891 11892 11894 11896 11898 507 11902
	}
	weather={
	}
}
