#COLOR 183 86 26
strategic_region={
	id=115
	name=115_Highlands
	provinces={
		12301 12306 12309 12313 12317 12319 12320 12324 12329 12330 12333 12337 12338 12342 12343 12353 12355 12359 12360 12373 12376 12385 12389 12394 12395 12402 12407 12409 12410 12411 12420 12427 12429 12434 12439 12443 12456 12459 12487 12490 11987 12499 12502 12504 12511 12519 12520 12013 12530 12535 12538 12539 12029 12541 12542 12544 12036 12041 12050 12563 12056 12059 12060 12061 12573 12063 12076 12078 12088 12096 12103 12104 12107 12110 12113 12119 12127 12137 12141 12145 12151 12160 12162 12167 12168 12173 12188 12191 12192 12201 12205 12214 12215 12216 12217 12219 12222 12231 12232 12233 12237 12241 12247 12248 12251 12252 12256 12259 12265 12266 12279 12281 12282 12284
	}
	weather={
	}
}
