#COLOR 199 191 42
strategic_region={
	id=116
	name=116_High_Weald
	provinces={
		12289 12298 12303 12304 12312 12325 12347 12358 12361 12362 12375 12377 12378 12383 12396 12412 12418 12426 12428 12433 12440 12447 11937 12449 12455 12458 12462 12464 12475 12479 12486 12493 12496 12497 12498 11988 12503 12506 11996 12508 12007 12529 12533 12534 12547 12549 12040 12554 12565 12566 12057 12058 12065 12582 12071 12072 12584 12586 12084 12097 12648 872 12139 12142 12150 12155 12171 12175 12180 12186 12190 12199 11181 12220 12223 12245 12255 12257 12264 12278 12280
	}
	weather={
	}
}
