#COLOR 232 77 82
strategic_region={
	id=118
	name=118_The_Fens
	provinces={
		12288 12293 12294 12296 12297 12300 12316 12336 12345 12356 12357 12367 12369 12370 12374 12380 12381 12403 12405 12413 12417 12419 12430 12435 12444 12448 12453 12454 12460 12466 12469 12477 12482 12485 12492 12495 12505 12509 12004 12518 12522 12524 12527 12532 12540 12545 12546 12550 12557 12560 12561 12567 12568 12569 12570 12574 12577 12580 12583 12075 12081 12086 12095 12109 12111 12135 12166 12187 12225 12228 12240 12261 12268 12272 12273 12275 12276 12285 12286
	}
	weather={
	}
}
