#COLOR 244 21 171
strategic_region={
	id=119
	name=119_Humberside
	provinces={
		12288 12034 12037 12165 12169 12042 11916 12172 12435 11924 12053 11926 11929 12569 12316 12444 12322 12196 12069 12197 12198 12328 11948 12208 12082 12339 11956 12213 12469 12345 12218 12093 12099 12100 12229 12230 12238 12239 11984 12369 12242 12495 12116 12118 12374 11992 12120 12121 11997 11998 12126 12640 12132 12260 12261 12518 12522 12015 12016 12143 12018 12146 12271 12272 12023 12025 12156 12157
	}
	weather={
	}
}
