#COLOR 244 149 21
strategic_region={
	id=120
	name=120_Merseyside
	provinces={
		12299 12307 12314 12323 12327 12340 12344 12351 12352 12367 12368 12380 12381 12391 12392 12393 12400 12403 12404 12408 12413 11923 11927 12450 11949 11950 12461 12468 11957 12474 12477 11967 11971 12492 12494 12501 12505 12001 12517 12008 12009 12011 12524 12527 12017 12026 12540 12032 12033 12551 12045 12558 12559 12561 12054 12055 12567 12568 12570 12064 12577 12068 12580 12581 12583 12077 12083 12087 12089 12091 12098 12106 12122 12138 12140 12149 12153 12164 12185 12187 12195 12202 12207 12212 12221 12228 12243 12246 12258 12263 12268
	}
	weather={
	}
}
