#COLOR 122 145 190
strategic_region={
	id=12
	name=12_Upper_Rhine
	provinces={
		2048 2049 2053 2061 2062 2077 2080 2081 2083 2084 2085 2086 1577 2089 2114 581 1605 2121 2125 2136 2141 2151 2159 2161 2164 2168 2177 2180 1671 2183 2185 2188 2194 2195 1684 2196 2197 2198 2200 2201 2206 2210 2212 2213 2214 2215 2222 687 2224 198 329 1896 1897 1905 1907 1908 1912 1916 1917 1919 1930 1934 1936 1426 1938 1939 1946 1954 1957 1958 1960 1972 1976 1979 1981 1982 1983 1984 1988 1989 1999 2002 2004 2005 2009 2017 2021 2023 2025 2030 2031 2032 2037 2045
	}
	weather={
	}
}
