#COLOR 128 128 128
strategic_region={
	id=13
	name=13_Atlantic
	provinces={
		6 62 112 113 114 130 131 147 158 171 210 211 228 229 230 252 253 254 290 291 303 304 305 307 308 320 321 322 323 324 339 341 342 344 345 354 355 356 373 374 393 409 410 411 421 422 423 436 437 438 439 440 452 453 454 455 467 469 470 487 503 504 505 515 516 517 518 519 529 540 541 551 552 554 555 556 557 572 573 574 575 586 587 588 589 590 591 592 594 595 610 612 627 628 630 632 640 641 642 644 645 660 661 662 663 675 676 690 691 693 694 695 697 710 711 712 713 714 715 722 723 725 726 727 728 729 730 742 744 745 746 747 748 749 764 765 768 781 782 783 796 797 798 799 800 801 819 821 822 823 825 826 844 845 846 847 848 862 864 865 866 867 869 870 878 879 880 881 882 883 884 900 901 902 904 905 906 919 920 921 936 955 956 957 958 962 963 976 978 979 980 981 982 983 985 997 998 999 1000 1013 1014 1015 1016 1017 1018 1036 1037 1038 1039 1040 1041 1042 1059 1060 1062 1063 1064 1082 1083 1084 1085 1086 1101 1102 1103 1104 1105 1119 1120 1122 1123 1138 1149 1150 1151 1152 1153 1166 1167 1168 1169 1170 1171 1181 1182 1183 1184 1186 1187 1188 1192 1193 1194 1195 1196 1199 1200 1210 1211 1212 1214 1215 1216 1217 1218 1228 1229 1231 1232 1233 1245 1246 1247 1248 1254 1255 1256 1257 1267 1268 1271 1272 1273 1275 1284 1287 1288 1289 1296 1297 1298 1299 1311 1312 1314 1315 1327 1328 1329 1347 1348 1356 1357 1358 1366 1367 1368 1369 1370 1371 1372 1373 1380 1388 1389 1390 1391 1392 1393 1401 1402 1410 1412 1413 1414 1422 1423 1424 1428 1429 1430 1431 1432 1433 1438 1439 1440 1441 1449 1450 1457 1458 1466 1468 1469 1474 1475 1476 1477 1479 1480 1481 1482 1490 1491 1499 1503 1504 1506 1507 1511 1512 1513 1517 1518 1526 1529 1530 1531 1534 1546 1548 1549 1553 1554 1555 1561 1566 1570 1571 1579 1583 1592 1596 1598 1609 1611 1612 1619 1620 1621 1635 1636 1646 1649 1651 1652 1654 1658 1662 1667 1669 1670 1677 1687 1693 1698 1711 1716 1735 1741
	}
	weather={
	}
}
