#COLOR 52 52 52
strategic_region={
	id=143
	name=143_Arctic_Ocean
	provinces={
		1537 1032 1559 1056 549 550 551 552 553 554 570 571 1096 585 586 1098 1610 593 1619 1115 1117 1640 1650 628 630 1145 641 642 131 1163 657 1173 1685 1176 1180 1693 1183 1184 674 1188 1189 169 1203 1715 698 711 712 1223 1226 728 729 1240 731 732 1264 1271 770 771 1282 1288 1289 1290 785 787 1300 1301 800 803 293 1317 1320 304 1340 1341 845 338 339 1363 1366 1371 863 866 868 1380 358 1388 1389 1392 883 888 377 1410 1413 1427 1430 407 1433 416 417 418 1442 433 1457 435 951 954 1466 1472 966 973 1490 470 989 1501 1502 1504 1509 486 1510 1004 1516 500 1528
	}
	weather={
	}
}
