#COLOR 149 95 15
strategic_region={
	id=14
	name=14_Franche_Comte
	provinces={
		16 2580 26 540 37 9269 2613 9785 2618 9793 2625 2626 2632 80 2642 2643 89 93 2655 98 9827 9828 2668 1136 113 2672 9847 9848 633 125 9854 9855 128 2699 9871 2704 146 2707 662 9883 2731 9902 2738 9910 185 2745 2746 9916 2750 2241 9922 9923 9924 2757 6347 2255 2773 2774 2265 2267 219 2268 2783 9952 9954 2275 2276 9956 9959 2281 9964 9968 2801 2802 9969 9974 9975 248 9977 251 9980 9984 2310 9990 9991 9993 9998 9999 10002 10007 2328 281 10012 10013 10016 10020 10023 10024 303 10034 2868 10038 332 2392 2397 2410 2414 2420 413 928 2466 421 422 2482 9657 9669 9675 2507 2512 9684 477 2538 2556
	}
	weather={
	}
}
