#COLOR 221 2 202
strategic_region={
	id=17
	name=17_Brittany
	provinces={
		2563 2571 2574 1557 2586 2610 2621 2622 2630 2639 2663 2713 2741 2235 2236 2237 2749 2239 2240 2245 2248 2762 2251 2769 2266 2779 2269 2271 2273 1765 2278 2280 2287 2289 2291 2804 2805 2296 2297 1786 2810 2307 2315 2325 2839 2844 2845 2339 2345 2346 2863 2357 2358 2360 2883 2888 2378 2383 2903 1881 2396 2401 2402 2922 2924 2421 2423 2936 2426 2942 2431 2432 2433 2946 2434 2441 2442 2445 2446 2455 2458 2465 2476 2477 2480 2484 949 2487 2490 2497 2519 2521 2525 2528 2533 2548 2552
	}
	weather={
	}
}
