#COLOR 255 0 255
strategic_region={
	id=19
	name=19_Europe
	provinces={
		1542 1031 1033 13 16 1045 23 538 1563 1565 542 1055 36 1574 1575 553 1578 47 1584 1591 570 61 1087 1610 75 1100 1613 1615 1616 1622 601 1113 1627 1628 1630 1637 614 1642 108 1134 111 624 1650 1656 634 1147 1659 1154 1155 1666 1668 648 652 1676 656 1681 658 1174 1686 1688 155 668 671 1697 1189 1191 1703 172 1708 1709 696 699 1723 1724 1730 197 1733 716 1230 1744 1745 1749 1752 1754 1244 1761 227 1251 741 1767 1768 1769 750 1774 1776 1266 1780 245 1274 1787 1791 1793 1794 1795 1796 1797 775 265 779 1291 1804 1813 1303 792 1815 1816 795 1819 296 808 1321 1833 1836 1326 815 1841 1842 309 310 1846 824 1336 1847 1851 1854 1859 1860 325 1861 327 1863 1354 1868 1870 1871 1873 1875 854 1880 1881 1885 1886 1887 868 1386 1406 1409 899 1411 395 907 1419 912 1426 915 1434 412 925 414 1445 433 434 945 1465 1470 961 1473 973 1493 1500 1502 497 1012
	}
	weather={
	}
}
