
strategic_region={
	id=19
	name="19_Rhineland"
	provinces={
		2128 2136 2145 2165 2188 2201 2202 2213 2221 2230 2242 2245 2253 2254 2258 2263 2264 2271 2282 2288 2290 2310 2311 2312 2319 2320 2324 2325 2331 2357 2362 2363 2364 2369 2378 2394 2402 2406 2419 2423 2424 2443 2444 2445 2446 2447 2460 2467 2468 2485 2486 2494 2498 2499 2518 2523 2524 2525 2536 2545 2546 2555 2556 2561 2562 2568 2569 2576 2582 2589 2596 2605 2606 2607 2608 2622 2623 2624 2625 2653 2654 2655 2662 2663 2667 2672 2678 2689 2694 2695 2702 2703 2706 2711 2728 2738 2744 2752 2757 2758 2771 2776 2787 2788 2797 2803 2804 2805 2813 2818 2819 2836 2837 2838 2848 2854 2855 2859 2860 2879 2880 2887 2892 2893 2901 2911 2912 2913 2931 2936 2942 2947 2957 2967 2977 2978 2985 3003 3007 3042 3050 3051 3055 3056 3062 3066 3103 3117 3122 3139 3160 
	}
	weather={
	}
}
