#COLOR 249 156 11
strategic_region={
	id=19
	name=19_Transdanubia
	provinces={
		4100 4102 4614 5127 4617 4627 5140 5144 4122 4123 4634 4129 5158 4647 4656 5169 4153 4665 4679 4686 4175 4694 4695 4700 4702 4195 4711 4721 4725 4726 4216 4728 4220 4223 4743 4745 4746 4755 4756 4762 4763 4765 4256 4778 4267 4779 4274 4789 4281 4800 4294 4806 4810 4814 4306 4829 4318 4322 4325 4840 4843 4858 4349 4862 4864 4865 4358 4366 4879 4882 4371 4372 4375 4378 4894 4897 4386 4898 4901 4407 4409 4413 4926 4938 4958 4448 4452 4454 4456 4969 4467 4468 4470 4471 4983 4473 4478 4485 5000 4491 4501 4508 5023 5029 5030 5038 5040 5041 5043 4532 5047 4541 4542 5054 4550 4551 4553 4556 4557 5070 4050 4562 5074 4567 5079 5082 5085 4574 5093 5095 5096 4585 4586 4076 5100 5101 4597 5109 4087 5110 4601 4606 4607
	}
	weather={
	}
}
