#COLOR 148 56 7
strategic_region={
	id=23
	name="23_Brandenburg"
	provinces={
		3074 3588 3085 3087 3602 3093 3099 3100 3614 3109 3622 3111 3626 3121 3633 3125 3641 3645 3648 3653 3660 3151 3665 3671 3160 1633 3683 3692 3183 3184 3185 3700 3701 3193 3706 3195 3709 3711 3712 3202 3715 3719 3214 3217 3228 1693 1709 1712 1729 3278 3285 1761 3303 3308 3323 3333 3345 283 3355 3363 3372 3385 357 3439 3450 3451 3478 3479 2971 3486 1439 2989 2990 2999 3511 3021 3534 3024 3025 985 3033 3546 3549 3041 3556 3052 3055 3063 3580
	}
	weather={
	}
}
