#COLOR 33 84 8
strategic_region={
	id=24
	name="24_Greater_Poland"
	provinces={
		3586 3083 3598 3607 3609 3102 3104 3106 3107 3631 3636 3638 3642 3136 3144 3145 3657 3658 3661 3152 3154 3155 3161 3676 3677 3166 3168 3172 3178 3180 3181 3187 3192 3194 3196 3197 3710 3714 3207 3720 3209 3721 3219 3223 3230 3234 3237 3242 3243 3245 3247 3248 3259 3261 3264 3267 3280 3281 3286 3287 3289 3291 3295 3298 3305 3306 3314 3315 3317 3321 3324 3331 3334 3339 3344 3348 3351 3354 3360 3365 3366 3367 3368 3369 3371 3376 3388 3391 3400 3402 3407 3411 3412 3413 3416 3420 3432 3434 3438 3443 3448 3455 3491 3502 3505 3001 3015 3531 3542 3046 3048 3563 3564 3568 3570 3571 3578 3067 3582
	}
	weather={
	}
}
