#COLOR 0 224 142
strategic_region={
	id=24
	name="24_Schwarzach"
	provinces={
		4099 4623 4625 4117 4124 5154 4132 4133 4645 4144 4147 4149 4154 4158 4164 4166 4170 4173 4174 4177 4185 4698 4206 4207 4211 4218 4735 4233 5117 4243 3735 4249 4252 4261 4271 4275 4278 3771 3772 4803 3781 3789 3792 3797 3798 4311 4821 4827 3804 4828 4321 4836 4838 4331 4848 3827 3828 4851 4852 4855 4344 4856 4859 3837 4357 4870 3847 4874 4875 4876 4373 4374 3863 3884 4400 3892 4922 4923 3907 4419 4420 4935 4426 1875 3925 3926 4438 4949 4444 4446 4449 3939 4453 4967 4457 3947 4976 4980 4985 4484 3974 3975 3976 3977 4998 4492 3983 4499 5018 4507 4002 4515 4516 4517 4011 4523 4526 4530 4025 4537 4540 4037 4041 5066 4043 4558 4049 4565 4569 4082 4599 4089 4092 4605
	}
	weather={
	}
}
