#COLOR 247 139 3
strategic_region={
	id=27
	name=27_Red_Ruthenia
	provinces={
		4611 8707 8714 8206 4626 8213 4633 8223 8234 8235 4651 5166 4655 8240 8767 8257 4677 7753 4681 8777 8778 8270 8272 7766 8790 8282 8801 8295 4201 1649 8818 8307 1141 8822 8823 1147 7812 4740 8326 3728 4760 3741 8351 3748 8358 7848 3755 3759 3763 3764 8887 3768 1720 7865 8381 8389 4807 4837 3815 1772 3823 3825 4854 7418 4863 4868 3845 8966 4873 8986 3869 3871 4390 4902 4904 4905 9002 8491 7984 9009 3901 3902 3912 1865 9033 8013 1870 1872 3920 9044 3930 9052 7012 8038 4966 4460 9069 3950 9071 8561 8562 4977 3961 8572 4480 4992 4996 8581 9094 9101 5006 5007 3985 9107 5013 5016 4510 9119 5026 4007 9127 8621 8110 9135 9141 8636 5055 8643 8132 8134 4554 5072 5080 4572 4573 8679 8169 8170 8171 4589 8689 8182 8698 4091 4604
	}
	weather={
	}
}
