#COLOR 219 63 140
strategic_region={
	id=27
	name="27_Upper_Danube"
	provinces={
		1536 3584 3585 3589 3597 3599 3608 3105 3617 3619 3624 3627 3119 3128 3647 3139 3651 3148 3149 3150 3666 3667 3673 3164 3693 3694 1664 3200 3211 3232 3239 3271 3299 3312 1776 3316 3325 3338 3340 3346 3352 3356 3359 3386 3397 3401 1877 3415 3422 3454 3461 3463 3468 2960 3474 2965 3480 3482 2974 2975 3487 2978 2997 3003 3519 3008 3011 3529 3019 3023 3535 3539 3034 3547 3548 3040 3554 3566 3569 3058 3579 3068
	}
	weather={
	}
}
