
strategic_region={
	id=2
	name="2_Bavaria"
	provinces={
		1251 1297 1298 1306 1307 1326 1335 1359 1377 1386 1390 1401 1402 1415 1435 1436 1445 1446 1453 1454 1463 1464 1474 1475 1481 1491 1498 1499 1500 1508 1509 1519 1520 1532 1533 1534 1540 1567 1568 1569 1570 1582 1583 1595 1596 1606 1607 1619 1620 1628 1634 1642 1659 1672 1673 1674 1683 1684 1697 1698 1700 1715 1725 1726 1730 1751 1752 1759 1760 1761 1762 1763 1764 1772 1781 1782 1790 1798 1807 1811 1820 1821 1822 1830 1831 1840 1841 1859 1872 1873 1874 1875 1881 1889 1890 1891 1892 1897 1904 1913 1926 1933 1934 1935 1946 1947 1956 1960 1974 1980 1981 1982 1994 2015 2016 2017 2023 2024 2029 2030 2048 2055 2065 2066 2067 2071 2072 2078 2089 2090 2098 2106 2108 2109 2116 2122 2131 2132 2133 2138 2139 2148 2149 2160 2167 2168 2176 2177 2183 2184 2190 2191 2196 2197 2208 2209 2210 2223 2249 2266 2267 2305 2306 2307 2342 
	}
	weather={
	}
}
