#COLOR 0 79 117
strategic_region={
	id=2
	name=2_Flanders
	provinces={
		1552 1556 1567 1580 1599 1601 1606 1617 1623 1624 1631 1634 1638 1639 1647 1648 1653 1660 1663 1664 1671 1678 1682 659 1684 1689 1690 1694 1699 1700 1704 1705 1706 1710 1712 1713 1719 1720 1722 1725 1726 1727 1728 1731 1738 1742 1743 1747 1751 1755 1758 1759 1760 1763 1765 1771 1777 1270 1783 1782 1792 1798 1801 1802 1806 1295 1808 1814 1824 1313 1317 1830 1837 818 1849 1856 1359 1877 1883 872 371 1451 1452 1460 468 1492 1505 1521 1532 1533
	}
	weather={
	}
}
