strategic_region={
	id=3
	name="FLANDERS_3"
	provinces={
		1160 1161 1197 1224 1244 1256 1261 1267 1272 1273 1289 1294 1296 1297 1298 1318 1322 1336 1341 1349 1354 1366 1374 1386 1387 1390 1401 1402 1403 1408 1414 1415 1416 1422 1423 1427 1440 1441 1442 1470 1476 1477 1478 1483 1484 1485 1494 1495 1498 1499 1501 1502 1503 1506 1517 1518 1520 1521 1525 1527 1528 1536 1537 1541 1542 1544 1545 1546 
	}
	weather={
		period={
			between={ 0.0 30.11 }
			temperature={ 10.0, 15.0 }
			temperature_day_night={ 5.0 10.0 }
			no_phenomenon=0.500
			rain_light=1.000
			rain_heavy=0.150
			snow=0.000
			blizzard=0.000
			arctic_water=0.000
			mud=0.000
			sandstorm=0.000
			min_snow_level=0.000
		}
	}
}
