#COLOR 0 22 98
strategic_region={
	id=30
	name="30_Sachsen_Anhalt"
	provinces={
		3587 3589 3590 3591 3080 3081 3595 3601 3605 3606 3607 3608 3610 3611 3615 3104 3616 3106 3620 3116 3638 3639 3657 3658 3155 3667 3670 1631 3680 3684 3685 3178 3691 3181 3693 3698 3699 3188 3702 3197 3719 3720 1690 1706 1709 3248 3255 1726 1758 3298 3299 3321 3322 3323 3325 3330 3331 3340 3352 283 3367 3370 3372 3380 3393 3394 3405 357 3430 3435 3439 3440 3448 3451 3455 3464 3465 3471 2966 3478 3479 1438 3487 3488 2984 2985 3498 3502 3508 3509 3510 3525 3016 3528 3019 3020 3532 3539 3028 3540 984 3545 3036 3548 3554 3047 3568 3569 3058 3570
	}
	weather={
	}
}
