#COLOR 107 252 255
strategic_region={
	id=31
	name=31_Ostseekuste
	provinces={
		3075 3085 3598 3623 3624 3625 3630 3632 3634 3130 3645 3650 3651 3679 3681 3171 3686 3196 3201 3210 3213 3249 3263 3277 3278 3292 3812 745 3306 3337 3353 3356 3870 3359 3369 3373 3375 3379 3384 3418 3419 3424 3425 3431 3441 3447 3454 3457 3459 3462 2963 3476 3489 3494 3496 2986 2987 3499 2993 2995 2999 3513 3515 3517 3518 3527 3531 3533 3025 3538 3038 3552 3042 3044 3556 3048 3049 3562 3051 3576 3066
	}
	weather={
	}
}
