#COLOR 229 227 105
strategic_region={
	id=32
	name="32_Prussia"
	provinces={
		3072 3075 3076 3593 3082 3089 3091 3098 3110 3623 3117 3118 3120 3634 58 3134 3141 3654 3143 3153 3156 3669 3670 3678 3679 3171 3177 3188 3705 3208 3226 168 3250 701 1749 3292 3294 3300 3309 3320 764 796 820 3387 1340 3392 3394 3395 3396 3408 3409 3418 3425 3426 3427 3428 3433 3458 2953 2954 3471 3472 3473 2966 2969 3485 2976 3489 3490 2981 3496 3497 3498 3500 3508 3509 3510 3002 3516 3005 3006 3517 3009 3521 3012 3527 3528 3551 3552 3042 3555 3044 3558 3562 3565 3576 3577 510 3583
	}
	weather={
	}
}
