#COLOR 249 157 29
strategic_region={
	id=33
	name=33_Upper_Silesia
	provinces={
		4608 3586 4610 3596 3097 3099 3101 3102 3613 3627 4652 3119 4664 1599 3647 3137 4673 4685 3150 3663 3156 3675 3676 3175 3176 3690 3692 3694 4602 3708 3713 1673 3721 3723 3727 4753 4754 1688 1689 3225 3740 3242 3243 1710 3758 4272 3762 3259 3774 3267 3276 3286 3799 3293 3808 3301 3832 4345 3834 3842 3843 3334 3339 4382 1314 3363 3364 4424 4436 3436 3437 3956 4474 4475 4494 4500 4509 2982 4520 4521 4524 4529 4531 2996 4544 3010 4559 3024 3536 4560 3027 3041 3043 3056 3062 4090 4603 3068 3582
	}
	weather={
	}
}
