#COLOR 61 0 177
strategic_region={
	id=36
	name="36_Bavarian_Alps"
	provinces={
		5121 2066 2071 3100 4641 4643 2088 5160 3114 2091 5167 2096 3123 5172 2108 4669 3134 2110 4671 2113 3143 3144 3145 2119 2128 2129 4692 4693 2134 3159 2140 2143 2145 2150 4712 4713 2155 2156 2157 4717 4729 3195 2172 1661 4734 4739 3206 4744 2192 3227 3234 4770 4797 4798 3266 4805 4822 3294 3307 3311 3320 4860 4861 3333 4869 3335 3341 3347 4884 3351 4888 3354 4900 4914 3381 4919 4937 4941 4948 4989 4990 4994 4995 5001 2955 2960 5010 2969 2970 5019 2973 5024 2992 2998 3003 5051 3006 5057 3014 5062 3018 3029 3035 5087 5091 5094 5099 3053 5102 3063
	}
	weather={
	}
}
