#COLOR 233 249 44
strategic_region={
	id=37
	name="37_Little_Carpathians"
	provinces={
		4609 517 4613 4616 1036 4630 4120 4632 1568 4640 4642 4644 1581 4659 4156 1597 4680 4683 1614 4687 4688 4689 4703 4704 1638 4720 114 4733 1662 1666 645 3725 3726 1168 3730 663 3739 4764 3747 4771 4262 4263 3752 3754 4783 3761 4786 4788 3767 4794 4796 3773 4286 3783 4808 4297 3786 3787 4299 1743 4815 1745 3793 4817 212 4313 4825 3805 4833 4323 4330 4842 4332 3821 4333 4847 4849 4338 4850 4853 1270 4346 4350 3839 1794 4866 3844 4360 4872 1291 4877 782 3857 4887 4889 3866 4890 4892 1821 1825 4388 3878 1831 4392 4393 4394 4903 4396 4912 1844 4917 1846 3897 4410 3899 4921 4421 4428 4429 1358 3918 4431 4940 4947 343 856 1367 4439 4955 4447 4959 1379 4459 4973 4463 3955 4472 4986 3968 4481 4486 5003 5012 4502 5015 4505 5017 3997 4511 5025 4006 4518 4522 5037 5050 5053 4543 5056 4545 5058 4570 4584 4596 5115 1532
	}
	weather={
	}
}
