#COLOR 0 189 84
strategic_region={
	id=38
	name=38_Macedonia
	provinces={
		5646 5651 5659 1052 1565 5665 6180 6182 6185 1583 6194 5684 5175 5177 5689 573 5182 5183 5695 67 6215 5193 5706 5195 5712 5717 6229 5209 5213 5725 5727 5218 1639 5224 6247 5226 5738 5739 5232 5234 5235 6260 5749 6264 5242 5244 5757 5248 5250 5251 6276 5765 5768 5261 5776 5266 5267 5780 5782 5271 5783 5784 5274 5787 5278 5282 1702 5288 5289 5290 5801 5804 5297 5809 5301 5813 5303 5815 5819 5313 5320 715 6348 205 718 6349 5835 5333 5850 5851 1759 5865 5354 5868 5359 7419 5373 5893 5386 5899 5389 5391 5394 5402 1829 5416 5419 5423 5424 5425 309 5941 5434 5435 5439 5442 5958 5449 5962 5452 5966 5967 5969 5970 5971 5464 5468 5980 5981 5480 362 5485 5490 6002 5492 5494 6006 6019 6021 6031 5522 5529 5534 5535 6051 423 5548 6061 5550 5555 5558 6074 5563 5565 6079 6093 6094 5586 5589 1495 5591 5592 5597 5602 6119 5611 6124 5617 5627 5628 6142
	}
	weather={
	}
}
