#COLOR 89 249 44
strategic_region={
	id=39
	name="39_Lesser_Poland"
	provinces={
		8195 8196 8708 8728 8733 8768 4161 8779 8820 8824 8839 8840 8866 8868 8884 8890 8379 4287 8901 8902 8392 8917 7900 8414 8929 8426 4334 8944 3824 8437 7927 8952 8955 8444 8956 3841 8970 8971 4365 7952 8983 8472 8994 8995 9003 8492 8493 9005 3889 7987 4405 9015 9025 9034 8014 8530 8531 9049 8545 9062 8552 8554 8555 9066 4462 9072 8563 8564 3957 4469 8565 9082 9083 8574 8582 9095 8076 8077 8591 8602 9114 9117 8608 8622 9138 9148 9152 4033 4034 8647 8137 8658 8661 8158 4065 4070 8168 8680 8688 4085 8183 8697
	}
	weather={
	}
}
