strategic_region={
	id=4
	name="ILE_DE_FRANCE_4"
	provinces={
		420 421 430 432 436 441 448 449 452 453 454 458 459 461 462 463 467 471 472 473 475 479 480 481 482 484 485 486 489 490 495 496 498 499 504 505 506 507 508 509 514 515 516 520 521 522 526 528 531 532 533 534 537 538 539 543 544 545 551 556 557 558 560 561 567 570 572 586 612 615 623 624 625 633 634 638 639 640 641 642 650 651 658 659 666 671 672 673 677 678 679 684 685 686 697 698 706 707 718 719 722 731 732 743 744 756 757 758 768 780 781 795 796 797 798 808 809 818 819 832 843 851 857 864 865 866 875 887 888 889 896 897 898 905 906 918 925 934 939 940 941 947 948 962 970 971 972 979 980 1010 1017 
	}
	weather={
		period={
			between={ 0.0 30.11 }
			temperature={ 10.0, 15.0 }
			temperature_day_night={ 5.0 10.0 }
			no_phenomenon=0.500
			rain_light=1.000
			rain_heavy=0.150
			snow=0.000
			blizzard=0.000
			arctic_water=0.000
			mud=0.000
			sandstorm=0.000
			min_snow_level=0.000
		}
	}
}
