#COLOR 218 9 0
strategic_region={
	id=40
	name=40_Carpathians
	provinces={
		4618 4619 4110 4116 4631 4121 5147 5149 4126 4141 4143 4145 4148 4660 6197 4155 6203 6206 4159 4672 6209 4163 4169 4171 4684 6223 4690 4181 5719 4184 6241 6242 4198 4199 5734 4714 4716 6255 6256 4212 6263 6272 4225 6273 4234 4747 4748 6285 6286 4752 3731 6295 3738 4767 3744 3745 4772 3750 3751 4774 3753 4265 3756 3757 4780 4792 4795 5823 4801 4802 3782 4295 5831 4300 3791 3794 4818 3801 3802 3806 4832 3811 5860 3819 5876 3829 3831 3833 4351 3840 3848 3850 3852 3853 5900 3855 3856 3858 3859 4885 3862 3864 4377 5914 3872 3875 3876 3877 4387 4391 3886 3887 4910 4911 4913 4920 3900 4928 3905 3906 4417 3908 3909 3910 3911 4422 4933 3915 3916 3917 4939 4432 3921 4433 4945 4951 4952 3929 3934 3936 4961 4451 4964 3941 4968 5993 3948 3949 4974 3951 6001 3964 3966 3967 6015 4993 4488 5002 3984 5011 3992 4513 4003 4010 5036 4013 4014 4015 4017 4018 4019 6068 4022 4534 5046 4539 4029 4030 4031 6083 4548 4044 4048 5073 4051 4052 4055 4056 4061 4576 4579 4069 4072 4074 6126 4080 4081 4598 5111 5118 5119
	}
	weather={
	}
}
