#COLOR 0 245 161
strategic_region={
	id=41
	name=41_Dolomites
	provinces={
		5125 9742 9753 5151 5159 9781 9802 4707 9837 9843 4217 9853 5114 9868 4237 4269 4793 9919 4804 4293 4296 9929 9931 4303 4309 9945 4826 4319 9961 9978 4347 9469 4356 9989 10000 10009 9498 10010 10011 4893 10015 4895 4896 10017 10018 10019 10021 10026 4908 4397 4909 10029 10030 10032 9522 10033 10035 9530 10051 4932 9549 4942 9554 4950 4963 4464 9586 9595 9599 9608 9615 5009 9632 9635 5028 9642 9649 5042 5045 9680 9687 9690 5090 5103 9712 5106 9715 9722 9725
	}
	weather={
	}
}
