#COLOR 0 218 95
strategic_region={
	id=42
	name="42_Bessarabia"
	provinces={
		7173 6662 6663 7685 6665 6159 6160 6166 7192 8729 7197 6174 6175 8737 8228 7211 6700 7215 7735 7736 7738 6204 6722 8770 7748 8771 7238 6213 7244 7249 6227 7259 7264 7267 6244 6248 6762 6250 8301 7280 7792 118 7287 6776 8313 6265 7804 7297 6278 7309 6800 7313 6802 7315 6804 7824 6293 6297 6298 6300 6301 6303 6304 4775 8360 6311 6316 6319 7858 7347 6326 6840 6329 6330 699 6331 7359 6335 6337 6338 6852 7876 6340 6343 6352 6869 7383 7384 8408 6372 7916 7408 7410 6909 6423 7447 6429 7971 7465 7981 6451 6457 7482 7483 7996 8511 6468 5446 7498 7501 7502 6996 6487 8537 8538 6502 6510 6511 6512 6521 6527 6529 8069 7048 6542 7054 6549 8087 7077 7593 7082 7084 7087 945 6590 7619 7620 9160 7113 8648 7117 7125 985 7641 6619 7131 7132 7133 8671 6625 8165 7657 6643 8701 8702
	}
	weather={
	}
}
