#COLOR 147 61 51
strategic_region={
	id=43
	name=43_UNNAMEDSTATE_147_61_51
	provinces={
		10242 11267 10245 11270 11272 10249 6153 6154 6162 6168 6170 5666 6186 5677 6191 6192 6195 5685 6198 10295 10813 6208 6210 11330 6214 10323 11351 6233 11357 11373 6283 10382 6296 11422 6308 10407 10919 6312 6313 6314 6315 10413 6323 6325 6345 10958 5839 10448 11470 11484 11489 10470 11516 11008 11529 5919 5920 11551 11553 10538 11050 11573 11595 11090 10070 11097 11101 11619 5992 11627 11634 11636 10108 11135 10623 10631 6032 10132 6042 10656 6069 6071 6075 6076 6082 11208 10699 11216 6107 10204 11227 10221 6125 6132 10741 11255 10235 10238 6143
	}
	weather={
	}
}
