#COLOR 106 57 6
strategic_region={
	id=44
	name=44_Dinarides
	provinces={
		5120 4098 5124 4620 5133 5134 15 4113 1556 5141 5142 5143 5145 5146 5148 9247 5152 4130 5155 9252 9253 9255 4136 9256 9257 5161 5164 4146 4661 5174 4152 4666 4182 4697 4188 4701 4705 4710 4715 4718 4722 4724 1656 4731 4738 4741 4236 3729 3732 4761 4260 3749 4264 4268 4785 4787 4791 3776 3777 3778 3784 4809 4816 4820 3800 4316 3809 3813 3816 3817 3818 4845 4337 3826 3835 3836 1791 3846 3851 3861 3873 1826 4899 4389 3880 4906 3891 4404 3903 4418 1348 4934 3913 4943 4946 4443 3932 4960 4965 3943 3946 4971 4975 3953 4979 4984 3962 4987 4991 3970 5004 5033 5555 4020 1460 5052 5059 5060 4039 4046 5075 5083 5084 4577 4578 5097 5107 5108
	}
	weather={
	}
}
