#COLOR 0 142 20
strategic_region={
	id=45
	name=45_Julian_Alps
	provinces={
		4096 4097 4628 4635 4646 9254 4649 9260 4653 4142 4654 9261 9262 9263 9264 9265 9266 9267 4162 4674 4691 4180 4696 4190 4192 4709 4203 4204 4205 4723 4226 4227 4230 4749 4750 4245 4246 4757 3736 3737 4248 3742 4255 4257 4258 4776 4781 4782 3760 4273 3765 4790 4280 3769 3770 3268 4302 3795 4310 4315 3810 4835 3814 4844 4335 4343 4348 4355 4867 4367 3860 4376 4385 3881 3882 4398 4399 4406 4408 4412 4929 3398 4423 1880 4441 4445 1887 3942 3945 4970 4461 4465 4978 4476 4477 4483 3978 4495 4496 3990 4503 5014 5022 4512 5031 5555 4533 4546 5068 4561 4563 4054 5086 4067 4583 5098 4588 4590 4592
	}
	weather={
	}
}
