#COLOR 189 0 37
strategic_region={
	id=46
	name=46_Middle_Danube
	provinces={
		5122 5638 5640 5129 5130 5131 5138 5139 1558 5664 5153 5156 5157 5675 1069 5165 5680 5168 5170 5683 5171 5173 5696 5194 5716 1623 5728 5729 5219 5220 1129 5233 5241 5760 1670 5256 5265 5272 5786 5789 5281 4769 5795 1701 5287 5802 5294 5808 5812 5816 5308 5822 1218 5318 5323 5324 4811 4812 5331 5332 5335 1764 5349 1254 4839 1774 4340 5881 4857 1796 5382 5390 4878 5395 1816 1305 5404 3879 5928 1834 3888 3890 4403 5433 5436 4925 4416 4930 5450 1871 4944 4442 4954 4957 5493 4981 4982 5504 5507 5509 4997 5514 5524 414 5537 5538 5542 5549 5551 5556 5044 1464 5561 5048 4547 5063 1482 5578 5579 5580 5581 5067 5071 5585 5089 4068 5605 5092 5607 4587 5613 5104 5621 5112 5629 5630
	}
	weather={
	}
}
