#COLOR 255 225 59
strategic_region={
	id=47
	name=47_Aegean_Lowlands
	provinces={
		11264 10753 10761 11275 10255 10768 11281 10773 10774 10264 11288 9244 11296 11301 11304 10281 1066 10793 11305 10802 10803 10294 11324 10308 11339 11340 11341 11342 11343 11345 10835 10840 10845 10846 10847 11359 10851 10858 10860 11374 10352 10864 11377 10358 11386 11387 5245 11391 10370 10371 10882 10883 11398 11399 10888 10379 10381 10894 10384 10385 10898 11408 11412 11413 10392 10393 11419 10909 10913 163 10406 11431 10410 10925 174 10421 11448 11451 11453 11454 10433 10951 11463 10953 10954 11473 11478 10967 11479 11481 11486 10980 10476 10479 10993 10994 11505 10485 10486 10493 11519 10503 10504 10505 11531 11533 10518 10520 10530 1830 10535 11048 11049 11052 11053 11564 11060 10549 10550 11576 11071 10561 10566 11082 11594 11086 10576 11089 11604 1879 11611 11100 10590 10591 11106 11618 11121 11639 11139 11140 11141 11147 10640 11153 10643 10145 11169 10150 11175 11177 430 10160 11184 11190 11191 11196 10685 10175 11200 11203 11204 1477 11205 10700 11212 11217 10707 10711 10712 11225 10714 11230 11231 10725 11240 10730 11244 10222 11246 9200 11249 11253 11256 10745 11258 11261
	}
	weather={
	}
}
