#COLOR 31 226 189
strategic_region={
	id=48
	name="48_Iron_Gates"
	provinces={
		6146 6151 4104 4105 4106 5642 6155 6156 5649 4114 4115 6176 4131 5667 5669 6181 6183 5679 6196 6199 6205 4165 4172 4176 6224 6228 4183 6234 6235 6240 4193 4194 6243 6252 4208 4209 4210 6257 4213 4214 5753 5754 4219 5755 4222 5764 6277 4231 4232 6279 6282 5771 4238 4239 4240 4241 4242 6289 4250 4251 4253 5797 6310 4270 6318 4276 4282 4283 4289 5825 6339 6341 6344 4304 5848 4320 4326 4327 4328 4329 5870 5873 4361 4362 4363 4369 4370 5397 4379 4381 4383 5923 5417 5938 3893 3894 5947 4414 5954 5959 4434 4435 3924 4437 5978 3933 5469 3935 5982 3937 5989 5482 5483 5994 5996 3954 6004 3963 3965 4479 3971 3972 3973 5508 6022 3979 5515 5516 4493 6028 6033 4498 3987 3988 6036 6037 3991 6045 6048 4001 4519 4008 4009 6057 6058 4527 4528 6063 6064 4021 5560 6072 4028 4036 5572 4040 4047 6095 6096 5588 4568 6104 4058 4059 5594 6110 5600 6113 6114 5606 6120 4073 4078 4079 6129 4088
	}
	weather={
	}
}
