#COLOR 159 17 211
strategic_region={
	id=49
	name=49_Pindus
	provinces={
		9216 5639 5647 5654 5655 6171 5668 6189 6190 5179 5692 5693 5187 5704 6219 5708 5714 6232 6239 5737 5227 6251 5745 6259 5748 6261 5756 6271 5252 5779 5276 5794 5283 5800 5803 179 5814 7357 5826 1732 5829 1734 5836 5840 5849 5856 5348 5862 5869 5362 5882 5377 5381 5904 5396 5912 5913 5403 5413 5926 5927 5929 5931 5932 1327 5937 5952 5975 5977 1378 5987 5997 5998 5495 6020 5519 6041 6046 6047 6053 6054 5546 5566 6081 6102 6103 6106 6122 9203 6137
	}
	weather={
	}
}
