#COLOR 12 173 172
strategic_region={
	id=4
	name=4_Aquitaine
	provinces={
		2560 2563 2564 2571 2572 2575 2581 2584 2588 2589 2593 2597 2599 2600 2603 2605 2606 2608 2609 2619 2621 2624 2636 2638 2641 2643 2645 2646 2652 2658 2661 2665 2666 2671 2676 2678 2679 1144 2680 2684 2685 2687 2688 2696 2697 2698 2710 2715 2719 2720 2722 170 2731 2737 178 2745 2756 2760 2763 2275 2791 2799 2800 2291 2297 2306 2313 2324 2331 2346 1857 2371 2382 1360 2384 2385 2386 2391 2393 2394 2403 2409 2410 2412 2413 2421 2423 2424 2430 2440 1418 2443 2444 2449 2452 2453 2455 2456 2462 2465 1453 2477 2480 2483 954 2498 2505 2506 2507 2513 2518 2528 2531 2539 2540 2541 2542 2547 2548 2552 2558 2559
	}
	weather={
	}
}
