
strategic_region={
	id=4
	name="4_Brandenburg"
	provinces={
		2430 2464 2488 2520 2539 2558 2572 2615 2634 2635 2636 2664 2682 2684 2691 2698 2707 2714 2722 2730 2731 2740 2741 2747 2748 2753 2760 2761 2763 2764 2765 2766 2767 2768 2773 2779 2790 2791 2798 2807 2808 2809 2815 2816 2820 2821 2822 2823 2824 2829 2830 2831 2840 2841 2845 2846 2850 2856 2857 2865 2866 2867 2871 2872 2873 2882 2883 2889 2890 2895 2896 2897 2904 2914 2915 2916 2917 2923 2924 2925 2934 2935 2943 2944 2960 2961 2964 2965 2971 2972 2973 2974 2988 2989 2999 3000 3001 3005 3008 3009 3013 3014 3015 3016 3017 3018 3031 3032 3033 3043 3044 3052 3053 3058 3064 3069 3070 3075 3076 3077 3088 3089 3090 3091 3092 3100 3101 3105 3112 3113 3119 3127 3135 3136 3141 3142 3143 3144 3157 3158 3162 3163 3169 3170 3179 3180 3184 3185 3186 3203 3204 3205 3212 3213 3214 3218 3219 3220 3234 3235 3236 3252 3253 3254 3255 3260 3261 3268 3269 3270 3272 3277 3278 3279 3295 3301 3302 3303 3311 3312 3313 3315 3320 3321 3322 3324 3325 3326 3330 3331 3332 3333 3338 3339 3340 3351 3355 3356 3357 3365 3366 3367 3370 3371 3372 3373 3380 3384 3385 3386 3395 3396 3405 3414 3415 3420 3421 3427 3428 3437 3438 3439 3443 3449 3450 3469 3470 3471 3476 3482 3493 3494 3495 3496 3503 3511 3512 3525 3529 3540 3547 3551 3565 3570 3596 3607 3643 
	}
	weather={
	}
}
