strategic_region={
	id=5
	name="MARNE_5"
	provinces={
		552 553 562 568 569 573 613 614 616 626 627 630 643 644 652 660 661 667 668 680 681 687 688 699 700 723 724 725 726 733 734 735 738 748 759 760 761 762 763 769 770 773 782 783 791 799 800 801 810 811 812 813 820 827 828 833 834 844 867 868 876 877 878 885 890 891 899 900 901 907 908 909 926 927 942 943 949 950 951 952 964 965 973 981 982 988 996 997 998 1011 1018 1023 1024 1025 1044 1045 1046 1047 1048 1049 1053 1061 1064 1065 1073 1074 1081 1082 1083 1086 1087 1094 1095 1097 1103 1104 1110 1122 1123 1124 1127 1132 1133 1134 1137 1141 1147 1148 1150 1159 1182 
	}
	weather={
		period={
			between={ 0.0 30.11 }
			temperature={ 10.0, 15.0 }
			temperature_day_night={ 5.0 10.0 }
			no_phenomenon=0.500
			rain_light=1.000
			rain_heavy=0.150
			snow=0.000
			blizzard=0.000
			arctic_water=0.000
			mud=0.000
			sandstorm=0.000
			min_snow_level=0.000
		}
	}
}
