#COLOR 226 31 126
strategic_region={
	id=50
	name=50_Siret
	provinces={
		6670 6672 5648 6161 5660 7709 6177 6184 7210 5678 5690 6726 6218 5715 5720 5721 6746 5723 5724 6246 5744 5751 7802 6269 6284 6294 6299 5788 5811 6324 5820 5326 5328 5841 6357 5858 5861 5863 1771 6381 6385 5883 7932 7939 5891 5892 4871 6412 6426 6428 6942 5922 7979 1850 6459 6462 5955 5960 5963 8019 5972 5973 345 5979 6493 6494 5983 5984 5481 6000 6513 7541 6005 6014 6017 5513 395 6027 6035 7573 5536 7584 8100 5541 8101 6065 1461 6073 7614 6594 6088 6090 6607 5587 5593 6105 6620 5599 8160 6111 6112 5603 5604 7655 6121 6636 5614 1010 6130 6644 6133 5622 7160
	}
	weather={
	}
}
