#COLOR 0 189 0
strategic_region={
	id=51
	name=51_Nagy_Alfold
	provinces={
		4612 4103 5128 4621 4622 5135 4112 4629 4636 4637 4135 4650 4139 4140 4667 4668 4157 4670 4160 4675 4676 4678 4167 4168 4682 4178 4179 4189 4708 4200 4202 4727 4730 4224 4736 4228 4229 4247 4759 4766 4259 4773 4266 4279 4285 4799 4291 4301 3790 4305 4307 3807 4324 4841 3822 4846 4336 4339 4342 4353 4354 4359 4364 4368 4880 4881 4886 3868 4380 4395 4401 4402 3898 4924 4415 3904 4931 4936 4425 4427 3919 3922 3923 3928 4953 3931 4956 4450 4455 3944 4458 4972 3952 4466 3969 4482 4487 4999 4489 4490 4497 3986 3995 5020 5021 3998 3999 4000 5034 4525 4536 4026 4538 4035 4549 5061 4552 5065 4555 4045 5077 4566 4057 5081 4571 4575 4064 5088 4580 4582 4071 4075 4077 4591 4593 4594 4595 5116 4093 4095
	}
	weather={
	}
}
