#COLOR 51 226 31
strategic_region={
	id=52
	name=52_Lower_Danube
	provinces={
		5632 6144 5635 6147 6150 6152 5643 5645 6158 6163 6164 5653 6167 5656 5658 6173 5662 6178 5670 5671 5674 6187 6188 5686 5687 5688 6200 6201 5691 6202 5694 6207 6211 5700 6212 6216 5705 6217 5707 5709 5711 6225 6226 5718 6230 5722 6236 6237 6238 6245 6254 6258 5747 5750 5752 6266 6267 6268 6270 5763 5769 5770 6135 6302 5791 5792 6138 6306 6307 5798 5799 5807 6320 5810 6327 6328 5817 6332 6333 6334 5312 6336 5827 6342 5319 5832 5325 5838 5847 5853 5342 5854 5855 5355 5874 5364 5879 5884 5890 5383 5895 5902 5903 5908 5398 5399 5910 5916 5918 5930 5939 5944 5946 5948 5437 5953 5443 5957 5451 5461 5974 5976 5466 5988 5995 5486 5487 5491 6003 5497 6009 5506 6018 5511 5517 6034 5523 5526 6038 6039 6049 5539 6056 5562 6078 5567 5571 6084 5573 6085 6086 6089 6091 6092 5582 6098 6099 5595 6108 6109 6115 6116 6117 6118 5608 5609 6123 5612 6127 5616 6128 5623 6136 5625 5626 6139 6140 6141 5631
	}
	weather={
	}
}
