#COLOR 255 106 18
strategic_region={
	id=54
	name=54_Maritsa
	provinces={
		1025 5633 5637 5650 5657 6169 6172 6179 5672 5673 5676 6193 5176 5178 5697 5186 5189 5190 5191 5701 5196 6220 6221 6222 5201 5204 5205 6231 5208 5210 5733 5225 6249 6253 5742 5237 6262 5240 5243 5246 5758 5249 6274 6275 5255 5767 5257 5258 6280 6281 5775 6287 6288 6290 6291 6292 5269 5273 5785 5790 5280 5793 6305 6309 5293 6317 6321 6322 5302 5306 5818 5310 5315 5833 5322 5834 5330 5845 5846 5852 5343 5347 5859 5353 1770 5867 5356 5357 5363 5875 5366 5369 5371 5372 5376 5889 5380 5384 5385 5896 5898 5388 5907 5400 1817 5407 5411 1316 5412 5925 809 5418 5420 5935 5936 5431 5945 5951 5440 5441 5444 5447 841 5961 5454 5968 5473 5474 5475 5476 5477 5479 5501 5527 5528 5531 5533 6055 5544 5547 6062 5553 5568 5583 5584 6097 5590 5619 5620 6131 5624
	}
	weather={
	}
}
