#COLOR 5 0 142
strategic_region={
	id=55
	name=55_UNNAMEDSTATE_5_0_142
	provinces={
		6145 5636 5641 5644 5663 36 5681 5180 5181 5185 5188 5198 5199 5710 5202 5203 5206 5211 5212 5214 5726 5216 5730 5731 5732 5222 5223 5735 5736 5741 5231 5236 5238 5239 5247 5759 5253 5260 5262 5263 5774 5778 5268 5781 5270 5277 5279 5284 5285 5286 5291 5292 5296 5299 5300 5304 5307 5309 5821 5314 5317 5321 6346 5837 5326 5327 5329 5842 5843 5844 5334 5336 5337 5338 5339 5341 5344 5345 5346 5350 5351 5352 5866 5871 5360 5361 5872 5365 5367 5368 5880 5370 5374 5375 5886 5887 5378 5379 5888 5392 5393 5906 5911 5405 5406 5917 5408 5410 5924 5415 1832 5421 5934 5426 5427 5428 5429 5940 5943 1850 1851 5438 5950 5956 5445 5446 5964 5453 5965 5456 5458 5460 5462 5463 5465 346 5467 5470 5471 5472 5985 5986 5484 5489 375 6007 6008 5498 5499 5500 6013 5502 5503 5510 6025 6026 6029 6030 5521 5525 6040 6043 1439 5540 6052 5543 5545 5554 6066 6067 5557 5559 5564 6080 5574 5575 6087 5577 6101 5596 5610 5615 497 6134
	}
	weather={
	}
}
