#COLOR 227 47 135
strategic_region={
	id=56
	name=56_Bohmerwald
	provinces={
		3584 5126 3592 3594 4108 5136 5137 3603 3612 3614 5150 3619 4134 3622 5162 5163 3642 3646 3661 3662 3668 86 4186 4706 3688 3689 4719 4732 3724 3733 3734 4758 3743 3746 4777 3766 4284 3775 3779 3780 3785 4298 3788 4819 3796 4823 4824 3803 3820 3838 1798 3854 3865 4384 3874 3883 3885 4915 3895 3896 1854 1855 1856 3392 3396 1863 3410 3927 3417 1889 3938 4962 1894 3958 3449 4988 3456 3458 3463 3980 3469 3982 3475 3989 3477 3993 3482 4004 5032 5039 432 4016 4024 5049 3514 3524 5064 3530 5069 3534 4053 3542 3543 4060 3549 3561 3564 4083 3574 3579 3580 4094
	}
	weather={
	}
}
