#COLOR 249 196 11
strategic_region={
	id=57
	name="57_Illyria"
	provinces={
		5634 5123 4101 4615 5132 6157 4111 5652 6165 5661 4638 4639 4657 5682 4658 4662 4663 5184 5698 5699 5702 5703 5713 4699 4191 5217 5228 5229 5230 5740 5743 5746 5761 5762 5254 4742 5259 4235 5773 4751 5264 5777 5275 4768 5796 5806 4784 5298 5311 4288 5824 5316 5828 5830 4813 4308 4317 4830 4831 5857 5877 5878 5894 5897 5387 5901 4883 5915 5409 5921 4907 5422 4916 5942 4918 5432 4411 4927 5448 4430 5455 5457 5459 5488 5496 3960 6010 6011 6012 6016 5505 5512 5518 5520 5008 4504 4506 6044 4514 5027 5035 6070 4535 6077 5570 5576 4564 5076 5078 5598 4066 4581 5105 4086 4600 5113
	}
	weather={
	}
}
