#COLOR 110 117 49
strategic_region={
	id=58
	name=58_Kuban
	provinces={
		7170 8194 7175 7177 7703 8215 7194 6698 7726 7727 8241 6714 7235 6730 7245 7769 8285 8286 7265 7268 7785 8299 7279 8312 8319 6787 7814 7816 8329 7825 8342 7325 8352 8353 6822 6824 7850 7852 8370 6835 8371 8372 8373 8384 7367 7368 6857 6858 6859 8393 7375 7887 6873 7901 7399 7912 6891 6901 6902 8438 6914 7426 7431 8473 8483 8485 6954 8494 6959 6976 8522 6993 6999 7513 7533 7036 8575 7052 7053 8084 7578 8099 7085 8113 8119 7098 8637 8138 9163 8148 8662 8174 8175 7669 8184 6655
	}
	weather={
	}
}
