#COLOR 243 240 153
strategic_region={
	id=59
	name=59_Upper_Dnieper
	provinces={
		7168 8705 8199 8200 6667 7691 8203 8720 7697 7188 8221 7712 8738 7204 8236 7732 7734 8249 8764 7230 7746 7747 6724 8260 8261 8262 8780 7757 6738 8278 7770 7273 7789 7791 7803 7292 8333 8334 8344 7321 8345 8346 6816 7841 8363 7853 8378 7874 8905 8395 8396 8399 8400 8401 7892 8919 7896 8185 7905 8419 7915 8432 8433 8434 8443 7934 7422 8963 7944 6930 7955 6932 8466 7962 7968 8480 8482 6951 9000 6953 8489 9001 7986 8498 7992 7481 6970 7993 7484 9023 7490 8516 8517 8010 8526 9041 8020 8021 8027 9055 8033 8036 8560 8049 7028 8054 8566 8570 7559 8586 8587 8079 7568 8088 6558 8103 8105 6570 8618 8115 8116 8627 7615 7617 8641 8656 8145 8154 8161 8163 8678 8167 6634 8179 7672 7673 7677
	}
	weather={
	}
}
