#COLOR 17 173 12
strategic_region={
	id=5
	name=5_Rhone_Alpes
	provinces={
		2565 2569 2570 2582 2598 1582 2610 2611 2616 2620 2632 1615 2640 82 2649 2653 2662 2681 1658 2694 2705 2733 693 2243 2251 2252 2259 2777 2786 2290 2295 2300 2813 2814 1792 2818 2819 2822 2824 2825 1807 2831 2833 2836 2840 1828 2341 2852 2857 2859 2869 2870 2364 2880 2369 2884 2373 2375 2376 844 2380 2381 2387 2900 2390 2902 2906 2907 2399 2400 2913 2405 2918 2919 2920 2928 2930 2420 2934 2938 2940 2944 2945 2454 2467 2475 2476 2488 2496 2497 2499 2500 2509 2519 2520 2521 2522 2523 2527 2529 2535
	}
	weather={
	}
}
