strategic_region={
	id=6
	name="NORMANDY_6"
	provinces={
		585 622 628 629 637 647 648 649 656 657 664 665 670 675 676 683 693 694 695 696 704 705 708 709 710 716 717 721 727 728 729 730 736 737 747 751 752 753 754 755 766 767 776 777 778 779 786 787 788 789 790 805 806 807 816 817 824 825 826 830 831 838 839 840 841 842 849 850 856 861 862 863 870 871 872 873 874 884 895 902 903 904 915 916 917 922 923 924 931 932 933 937 938 946 955 959 960 961 969 975 976 977 978 987 995 1001 1002 1008 1009 1016 1021 1028 1029 1030 1033 1039 1040 1057 1058 1059 1067 1068 1069 1070 1071 1091 1101 1107 1108 1109 1129 1149 1155 
	}
	weather={
		period={
			between={ 0.0 30.11 }
			temperature={ 10.0, 15.0 }
			temperature_day_night={ 5.0 10.0 }
			no_phenomenon=0.500
			rain_light=1.000
			rain_heavy=0.150
			snow=0.000
			blizzard=0.000
			arctic_water=0.000
			mud=0.000
			sandstorm=0.000
			min_snow_level=0.000
		}
	}
}
