#COLOR 239 56 58
strategic_region={
	id=60
	name=60_Vladai_Hills
	provinces={
		7169 8198 7178 7181 7702 6679 6691 7209 7723 7724 6704 6705 8762 8253 68 7239 5200 7773 7779 7272 6767 7289 8825 7807 7810 7811 7302 6793 8842 4244 7318 7830 7831 8854 7834 6811 8859 7328 7339 7854 8374 7369 6354 7378 5334 6359 6366 6881 8430 242 6386 1274 7933 767 6400 772 6405 6406 6918 7435 6415 6416 8474 4891 6950 6440 6441 6442 814 6961 6450 310 6454 6461 7997 6464 7489 6981 6473 6474 8011 8540 7005 6496 7521 6504 6506 6514 9076 6517 8056 8571 6525 7553 7554 8071 6537 6538 6540 912 6544 8083 6552 9112 6554 9115 5532 9124 1446 6566 7591 7090 6579 6581 1462 7095 7607 6585 7102 7103 8130 6598 8650 1485 8653 6609 978 6611 7634 7636 7128 7137 7138 6627 7139 7144 6633 7661 6639 6640 7664 8691 8693 6647 1533
	}
	weather={
	}
}
