#COLOR 0 85 48
strategic_region={
	id=61
	name=61_Pripyat_Wetlands
	provinces={
		8704 8193 6669 6683 7195 8735 8736 8740 8742 8746 7214 8751 8754 8763 8256 6725 6727 8789 8795 6752 8292 8804 6760 8813 8303 8310 8315 8828 8847 8347 7837 8864 8869 6823 1214 8383 8391 7881 8924 8423 6888 8425 6380 8429 7926 8440 6393 8452 262 8456 6410 8982 7448 6435 8487 6955 8499 8501 6969 9019 8508 9020 6974 6975 8001 6480 8532 7000 6491 8541 8040 8553 8045 9079 7032 8569 9081 9087 9089 6530 7050 8590 9102 8596 7063 9113 8604 6559 8615 8617 6575 8111 8623 9137 8629 8631 9143 9146 9149 9158 9159 8136 8660 6617 8682 8683 7150 8181 7158 7159 8699
	}
	weather={
	}
}
