#COLOR 0 117 162
strategic_region={
	id=62
	name=62_Chernozemye
	provinces={
		6658 8711 6666 8721 8210 6677 6687 6696 8744 8745 6702 6703 6717 8254 6719 8769 8259 8772 7750 6731 8276 7255 6745 6747 7778 8290 7269 8805 8810 8300 7277 8305 6770 8831 7808 8833 6790 6791 7817 8330 8331 8855 8349 7844 7847 8875 8876 5805 8877 6833 7350 7862 6842 8891 6844 8893 8895 6848 7872 8897 8387 6861 8912 8915 8407 6360 8922 6363 7899 8925 8416 8932 8422 7401 7914 7406 7919 6898 8949 6903 6391 6392 8954 7935 4352 6401 6402 8959 6916 7433 7953 7954 8465 8978 7961 6939 8990 7967 6958 7983 8497 7998 9024 6983 6475 8524 8525 9037 9038 7509 7510 9046 7001 6495 7009 6498 8547 9059 8549 7015 8043 8557 7534 8047 8568 8057 7039 8066 8067 9096 9099 7567 9103 9104 9106 8595 8085 9116 7069 8606 7071 6564 9125 9128 5552 8114 8626 9139 9140 5559 8123 9147 5569 8644 8141 8146 6612 8149 8150 8665 8672 8164 8685 8177 5618 8191
	}
	weather={
	}
}
