#COLOR 0 123 98
strategic_region={
	id=65
	name=65_Upper_Daugava
	provinces={
		7176 8201 7190 6681 6684 6686 8734 7202 7717 8743 7212 6706 7220 8757 8758 7223 6740 6741 7764 7258 6748 6749 8796 7775 7776 6756 5221 7282 7283 5236 6772 7286 8830 8322 8838 7310 8335 8338 8851 8852 6805 6806 7327 6826 6827 5292 8362 8874 8878 6832 8369 8882 8883 6841 8889 7356 6846 7358 8382 7362 8386 6854 8909 7374 6353 8914 6868 6874 8411 8923 6370 6882 8421 8936 8939 7405 5358 7409 8436 6389 6904 6395 8445 6398 6911 8446 7425 7427 7430 6920 7443 8979 6933 8469 8470 6941 6944 7969 6438 8488 8490 6960 7473 8503 6458 6972 8509 6977 8513 8515 9026 8006 7499 6992 6994 6483 7512 9048 7002 7008 8032 9057 6503 9064 6505 7017 7023 7024 8559 9073 9080 6524 7040 6531 9091 7560 8073 6546 6548 7577 5530 8603 6563 7588 7080 7081 7594 9131 6574 9134 6576 7091 7092 6582 6583 8630 9145 8638 7107 6597 7624 5577 6605 7119 7120 8143 6610 7638 7639 7640 8667 7646 6623 6624 7648 8687 7154 7666
	}
	weather={
	}
}
