#COLOR 63 18 76
strategic_region={
	id=66
	name=66_Upper_Volga
	provinces={
		6661 1545 4624 7201 8739 6692 7208 557 7221 7222 8774 8784 6739 8791 7787 7790 6769 8827 7306 8843 8845 7312 8337 8860 7839 8863 6819 7336 8885 6847 6850 8911 6875 5340 7387 6878 7906 7395 7907 8420 6378 6892 6894 8947 8948 8448 6404 6921 8973 8462 6417 6419 6421 8985 8989 6945 6947 7973 6952 7472 7995 7488 8512 6466 6469 8008 9054 8031 8550 8558 6516 6522 7041 8585 6539 7574 6560 9122 7601 6586 7106 7625 8651 7121 6614 8674 7141 7656 7659 7665 6652
	}
	weather={
	}
}
