#COLOR 107 21 76
strategic_region={
	id=67
	name=67_Upper_Oka
	provinces={
		7171 8709 8712 7689 8204 8718 7186 7187 7699 8216 8219 5663 7711 7720 8232 7733 6710 8759 8248 8250 8251 7744 7234 7237 8773 8263 8264 7759 7762 8274 7263 8289 8806 8807 8811 8812 8814 8815 8304 7281 7284 8314 7291 7293 6781 7295 7296 8834 8323 7300 8324 8325 8841 7308 7821 7822 8853 8343 7832 8857 7323 7840 7842 8354 7845 8361 7340 7343 7344 8880 7346 6837 8896 8385 8898 7875 8903 7370 8906 8907 7373 8397 6351 8910 6870 7895 6872 7385 8918 8920 6879 6880 6367 8415 7397 6379 7404 7917 8427 7407 6897 7413 8957 6910 8961 7432 6411 6928 6931 7957 7446 6936 6937 7960 8984 8477 7463 7468 7980 9012 6453 6455 7480 9016 8510 9027 9028 7495 7496 7497 8007 6987 7500 6990 6479 9040 6995 6998 9051 7517 8030 8034 8546 9058 8551 9065 7018 7530 8048 8050 9074 8052 7029 7031 7033 7546 9084 8062 8063 8578 8580 8070 9097 7562 8080 9105 7575 9111 8093 9120 7585 8611 8612 7079 8104 7083 7602 7606 7096 7097 7099 6588 8125 9156 7621 8646 7114 8142 7635 8152 8162 7660 7149 6642 7674 8187 7676 7167
	}
	weather={
	}
}
