#COLOR 134 37 117
strategic_region={
	id=68
	name=68_Middle_Dnieper
	provinces={
		7683 7701 7193 6688 6694 7718 7218 6707 7228 6720 6723 7246 7763 8280 7262 7777 6758 7276 7794 6775 6778 8317 7806 6784 6796 7820 7823 6801 7826 7828 7833 7835 6818 6829 6830 8366 7351 7863 6849 7365 7877 6866 7893 7898 7394 7908 7398 7400 7918 8189 7411 7924 6906 6908 7428 8457 7434 6926 7439 7959 7450 7452 7970 7982 6964 6971 6989 8022 7514 7014 7019 7544 7545 7547 7551 8064 7049 7051 7061 6556 7072 7592 8107 7089 7603 7101 7618 8133 7110 7623 6600 6603 7116 6606 7633 7126 6618 7130 8155 7645 6632 7658 6635 7147 7152 6653 7166
	}
	weather={
	}
}
