#COLOR 138 22 45
strategic_region={
	id=69
	name=69_Northern_Uvaly
	provinces={
		7698 7189 8217 8218 7715 7716 6697 7730 7731 6712 7229 7742 7231 7233 7745 8258 7756 7758 8783 8273 8785 8792 7261 8291 8826 6779 7294 6782 7305 7307 6803 7322 7324 6820 7337 7338 8894 7873 7364 6853 7366 7371 8913 7890 7891 7381 7382 8409 7903 8418 7396 8942 8946 8958 8451 7941 8965 8972 8461 8974 7440 7441 7442 8464 7444 7956 6934 6434 7458 7461 7462 8999 7464 9006 8495 9011 7990 7479 9017 7994 9022 7492 7493 9036 6991 9039 7508 7511 8536 8029 8548 7016 9067 8051 7540 8053 8567 8576 7557 8072 8082 8594 8598 8610 7599 7600 8625 7611 8124 6589 7613 8645 7112 7637 8153 7654 8178 8186 6651 8703
	}
	weather={
	}
}
