strategic_region={
	id=7
	name="RHINELAND_7"
	provinces={
		772 804 815 823 837 846 847 848 853 854 855 860 882 883 886 894 912 913 914 921 930 935 936 944 945 954 957 958 967 968 974 985 986 991 992 993 994 1000 1004 1005 1006 1007 1013 1014 1015 1020 1027 1036 1037 1038 1051 1052 1055 1056 1063 1066 1078 1088 1089 1090 1100 1106 1115 1116 1117 1118 1128 1135 1138 1143 1144 1145 1154 1163 1164 1165 1168 1172 1176 1184 1185 1187 1188 1195 1202 1204 1208 1213 1221 1226 1227 1232 1237 1238 1246 1247 1249 1250 1265 1271 1275 1285 1286 1292 1301 1305 1306 1314 1319 1326 1338 1352 1365 1383 1397 
	}
	weather={
		period={
			between={ 0.0 30.11 }
			temperature={ 10.0, 15.0 }
			temperature_day_night={ 5.0 10.0 }
			no_phenomenon=0.500
			rain_light=1.000
			rain_heavy=0.150
			snow=0.000
			blizzard=0.000
			arctic_water=0.000
			mud=0.000
			sandstorm=0.000
			min_snow_level=0.000
		}
	}
}
