#COLOR 0 75 66
strategic_region={
	id=70
	name=70_Lower_Daugava
	provinces={
		8710 7695 7696 8207 7704 7707 8227 7725 8238 8242 8243 8244 8246 8247 8760 7226 7227 7741 8765 7241 8781 8287 8288 8799 7781 8294 7783 8296 8808 7786 7788 8311 7801 8320 8321 8835 7818 7819 8332 8844 7836 8862 7330 7332 7333 8359 8368 8886 7353 7866 7355 8394 7883 7885 7888 7380 8405 8921 8413 8927 7392 7393 7904 8931 8943 7931 7420 8962 7940 8460 8980 8981 7455 8991 7985 9010 7475 6967 7991 9018 8507 8002 9032 7505 8018 9042 9043 9050 8039 9068 8046 8068 9092 7558 9093 7569 9109 8086 8094 7075 7076 8102 8109 7598 8624 8118 7610 8122 7629 8663 8157 8670 8673 7667 8692 7671 7164 7679
	}
	weather={
	}
}
