#COLOR 239 62 35
strategic_region={
	id=71
	name=71_Don_Basin
	provinces={
		6656 6657 7680 7687 7179 7693 7694 8214 7191 7705 6682 6685 8222 7200 33 8224 8226 7216 7737 6715 7740 576 7749 6728 6729 6736 7252 1622 5207 6743 7254 7767 7772 8284 5215 6774 6777 6780 7805 6783 4737 6785 7299 135 7304 6799 7827 7316 7829 6808 7326 6815 6817 7843 7849 5295 7855 6834 6836 7348 7860 7867 7868 1215 7878 7879 7880 7372 7884 7165 6867 7379 6365 7389 6368 6369 4834 6371 6373 742 6374 6375 6885 6887 7402 7909 7910 6382 6895 7913 7412 6394 6907 6396 7930 7429 6408 6409 7946 8459 7948 7438 7951 6929 276 6420 6422 7958 6424 6425 7451 6943 6432 6433 6436 6437 6949 7972 6444 6445 7469 7471 6452 6456 7485 5438 7486 7487 7999 6978 6471 6988 5453 7503 6481 6482 7506 6485 8023 6488 6489 6490 8535 6492 8028 7519 7520 7522 7524 7529 7531 6509 7027 6523 7548 7549 6526 6528 6532 6534 6535 6541 7565 6543 7056 6545 6547 7062 7064 8090 7067 7068 6557 7070 7579 7580 8091 7586 8092 7078 7590 6569 6571 6572 7595 7596 943 8108 7605 6587 6591 6593 7622 6599 7111 9161 6602 8139 6608 8144 7643 7644 6621 6622 7135 7651 6631 7148 8172 7151 6641 7668 6645 6646 8180 6649 7675 1017 6654
	}
	weather={
	}
}
