#COLOR 183 139 191
strategic_region={
	id=72
	name=72_Lower_Oka
	provinces={
		7684 8202 6668 6671 8719 8723 8727 8730 7710 5665 7714 6180 7719 9258 9259 6711 7743 8258 8775 8776 8266 8782 7247 7248 5712 7760 8793 7261 7774 6761 7793 8817 6264 8832 7298 7305 8846 5776 5780 6807 7335 8365 7342 8377 8892 8904 5835 6349 7894 8412 6877 8926 8418 6883 8930 8941 8431 6900 8953 8447 8960 6913 8453 7942 7945 8463 8975 5394 7445 6935 5402 6938 6940 8475 8478 7458 8996 8997 8998 5424 8496 7990 7479 5434 5971 7507 7516 8029 9053 8548 8556 9075 5492 7035 8061 9085 8576 8579 7557 7561 9098 7563 7564 6031 8593 7576 8609 9121 9126 8616 9130 5548 6061 8632 9144 7613 7616 9154 9155 8645 9157 7115 6604 7118 8654 7127 6616 7129 7642 8666 5602 8677 5627 5628 6142
	}
	weather={
	}
}
