#COLOR 211 187 42
strategic_region={
	id=73
	name=73_Southern_Bug
	provinces={
		7692 528 8208 6674 6675 7700 8209 6680 8732 6689 6690 8229 6699 7728 7217 562 8245 1591 7224 1594 8252 8265 7243 6732 6733 5206 6755 7271 7784 8809 6768 6771 7795 7798 7799 7809 6786 6794 7314 6812 7329 8355 7341 7856 7345 8375 7352 5305 7354 6843 7869 7361 6860 6863 6864 6865 6356 7390 6890 7403 8428 6383 6384 7416 5368 8449 7938 6917 6919 6413 7949 7449 8476 6431 6439 7976 7977 7466 6956 6447 6460 6973 8000 8514 7491 8003 8004 6470 8005 6472 7504 8539 7004 6501 7527 7528 6508 7021 7532 7535 7536 7537 7539 7550 7555 7044 6533 7046 7566 8078 8081 7571 8597 6551 6553 7582 6561 6562 7587 7086 8112 8117 7104 6596 7108 9162 7628 8140 7631 8151 7134 8159 8675 6628 7653 8173 8176 7153 6648 8188
	}
	weather={
	}
}
