#COLOR 0 135 187
strategic_region={
	id=74
	name=74_Crimea
	provinces={
		7172 7174 6673 6676 7198 7199 1065 8233 6701 7213 6713 7236 7250 8787 8279 6753 6754 6763 6764 7285 7288 6788 6789 7301 6792 7311 8339 6809 8348 8356 7857 7349 6838 6839 7861 6855 6856 7377 6355 6871 7386 6884 6886 8424 6387 6388 6899 7414 8442 6397 6399 6912 6915 7943 6414 6418 6427 8481 6443 7467 6446 6448 6449 8506 6463 6979 6980 6997 4440 7003 7515 7518 8035 7020 7022 7030 8055 7034 7037 7038 7552 6536 8074 7055 7065 8089 412 6565 7589 6567 7088 7604 6584 8633 8126 8127 6592 8128 8129 458 8166 6637 6638 1020 8190
	}
	weather={
	}
}
