#COLOR 145 165 213
strategic_region={
	id=75
	name=75_Peipus
	provinces={
		6659 7686 7688 7180 7182 6678 8230 8231 4648 7722 8748 6716 6718 8267 6734 8786 7251 8275 6742 6744 7256 6751 8800 7266 7780 8293 6765 6773 1146 8316 6795 6798 7320 6810 6813 8357 6825 187 6845 7360 6862 7376 8402 6361 6362 6364 7388 7391 6889 7920 7921 7922 7417 6905 7937 6403 7436 7437 7453 6430 7454 8479 6946 7974 7975 6957 7470 7474 6965 6982 6477 8528 6484 8543 7010 6499 6500 7523 6507 6518 8065 7045 7057 7058 7060 6550 8599 7066 7581 7073 7074 6568 8106 6573 7597 6577 6580 7093 7608 7609 7100 7109 7122 7123 8147 6613 8669 7647 7136 7649 7142 487 7145 7161 7162
	}
	weather={
	}
}
