strategic_region={
	id=8
	name="SOMME_8"
	provinces={
		963 1003 1022 1034 1035 1041 1042 1043 1060 1072 1079 1080 1085 1092 1093 1102 1119 1120 1121 1126 1130 1131 1136 1139 1140 1146 1156 1157 1158 1166 1169 1170 1171 1173 1174 1177 1178 1179 1180 1181 1189 1190 1191 1192 1196 1200 1201 1203 1205 1206 1209 1210 1211 1214 1215 1216 1217 1222 1223 1228 1229 1233 1234 1235 1239 1241 1242 1243 1248 1251 1254 1255 1258 1259 1260 1266 1276 1277 1278 1279 1282 1287 1288 1293 1295 1302 1303 1308 1309 1310 1315 1316 1317 1320 1321 1327 1328 1334 1335 1339 1340 1346 1347 1348 1353 1360 1361 1370 1371 1372 1373 1385 1389 1398 1399 1400 1413 1420 1421 1426 1475 
	}
	weather={
		period={
			between={ 0.0 30.11 }
			temperature={ 10.0, 15.0 }
			temperature_day_night={ 5.0 10.0 }
			no_phenomenon=0.500
			rain_light=1.000
			rain_heavy=0.150
			snow=0.000
			blizzard=0.000
			arctic_water=0.000
			mud=0.000
			sandstorm=0.000
			min_snow_level=0.000
		}
	}
}
