#COLOR 181 116 192
strategic_region={
	id=87
	name=87_Piedmont
	provinces={
		9737 9738 9751 9772 9272 9794 9795 9288 9289 9809 9299 9300 9812 9815 9304 9817 9820 9309 9312 9824 9829 9832 9321 9835 9332 9861 9866 9867 9869 9873 9875 9876 9878 9882 9885 9887 9377 9890 9898 9899 9904 9905 9914 9917 9918 9411 9930 9934 9939 9941 9944 9950 9445 9958 9466 9471 10001 10003 10022 9511 9512 10025 10027 10028 10036 10037 10039 9532 9539 9541 9551 9556 9557 9569 9591 9602 9629 9633 9651 9658 9664 9701 9713 9720 9721 9726 1023
	}
	weather={
	}
}
