#COLOR 198 38 40
strategic_region={
	id=88
	name=88_Tuscan_Appenines
	provinces={
		9728 9735 9750 9752 9756 9767 9769 1579 9775 9783 9784 9275 1093 9286 9798 9799 9811 9821 9822 9823 9313 9314 9315 9319 9320 9842 9844 9333 9336 9849 9874 9884 9900 1197 9391 9908 9909 9911 9401 9405 9921 9413 9926 9425 9426 9937 9938 9942 9434 9948 9962 9963 1260 9967 9971 9972 9976 9982 9988 9994 9996 9492 10006 10014 9513 9516 9526 10049 10050 9547 9560 9561 9598 9601 9607 9618 9636 9637 9639 9641 9644 9663 9667 9678 9688 9691 9700 9706 9717 9718 9724
	}
	weather={
	}
}
