#COLOR 198 38 168
strategic_region={
	id=89
	name=89_UNNAMEDSTATE_198_38_168
	provinces={
		9732 1542 9734 9743 9745 532 9760 9766 9770 9777 9779 9271 9273 9789 9279 9280 577 9281 9283 9284 9797 9290 9803 9294 9298 9302 9303 9306 9818 9826 9317 9831 9326 1135 9328 9841 9845 9335 9338 9343 9349 9863 9355 9870 9359 9361 9877 9367 665 9369 9370 156 9376 9379 9386 9387 9388 9392 9393 9409 9410 9417 9419 9933 9424 9936 9427 9940 9429 9437 9439 9441 738 9446 9447 9448 9451 9453 9456 9465 9468 280 9507 9521 9523 820 9525 9535 9537 9545 9552 9567 9572 9576 9580 9583 399 9617 9623 9624 9630 425 9646 9652 9654 9661 9672 9673 9714 9716
	}
	weather={
	}
}
