#COLOR 59 45 59
strategic_region={
	id=8
	name=8_Poitou_Charantes
	provinces={
		1554 2578 2591 2596 2612 2617 2629 2664 2667 2684 1156 2703 2706 2711 2712 2233 2234 2242 2243 2244 2249 2763 2252 2253 2766 2256 2770 2259 2260 2261 2264 2782 2787 2277 2282 2284 2796 2797 761 2299 2812 2815 2303 2306 2311 2825 2829 2318 2320 2834 2837 1304 2841 2334 2846 2849 2850 2856 2859 2860 2861 2862 2351 2867 2871 2876 2877 2886 2887 2889 2890 2891 2893 2894 2898 2387 2900 1878 2906 2910 2403 2916 2921 2927 2934 2941 2430 917 461 1500
	}
	weather={
	}
}
