strategic_region={
	id=9
	name="VERDUN_9"
	provinces={
		380 381 382 383 384 385 386 387 388 389 390 392 393 394 395 396 397 399 400 401 402 403 404 405 407 408 409 410 411 412 413 414 415 416 417 419 422 423 424 426 427 433 434 437 438 439 442 443 444 445 450 451 455 456 457 464 465 466 468 469 470 474 476 477 483 487 488 491 493 494 497 500 501 502 510 511 512 513 517 518 519 523 527 529 535 536 540 546 547 548 554 555 563 564 565 566 587 588 617 618 619 620 631 632 645 646 653 662 663 689 690 691 701 702 703 711 739 745 749 750 784 792 793 814 821 822 835 845 852 858 859 879 892 910 911 919 928 956 966 983 999 1012 
	}
	weather={
		period={
			between={ 0.0 30.11 }
			temperature={ 10.0, 15.0 }
			temperature_day_night={ 5.0 10.0 }
			no_phenomenon=0.500
			rain_light=1.000
			rain_heavy=0.150
			snow=0.000
			blizzard=0.000
			arctic_water=0.000
			mud=0.000
			sandstorm=0.000
			min_snow_level=0.000
		}
	}
}
