#COLOR 223 105 38
strategic_region={
	id=91
	name=91_UNNAMEDSTATE_223_105_38
	provinces={
		9748 9749 9763 9768 9771 1068 9274 9792 9282 9796 9805 9297 9308 9825 9324 9840 9846 9339 9342 9345 9354 9357 9362 9366 9382 9383 9384 9385 9389 9394 9398 9402 701 9412 9414 9416 9423 9435 9436 9442 744 9449 9452 9457 9463 9464 9467 9476 9478 9479 9486 9488 9489 9491 9493 9494 9496 9497 9502 9508 9514 9515 9527 9536 9538 9540 9546 9553 9559 9563 9570 9590 9592 9593 9603 9604 9605 9609 9614 9625 9627 9645 9650 9655 9660 9665 9668 9670 9671 9674 9677 9679 9681 9682 9683 9689 9692 9696 9697 9699 9704 9707 9710
	}
	weather={
	}
}
