#COLOR 8 121 96
strategic_region={
	id=99
	name=99_Caniks
	provinces={
		10752 10764 11277 10254 10256 10770 10772 10263 10777 10778 10273 11299 10277 10790 11306 10283 10796 10291 10292 10293 11318 11325 10306 10307 10822 11336 10313 11337 10318 10320 10321 10322 11348 10844 10333 10334 10341 10343 10348 10861 11380 10870 11383 11385 10362 10874 10881 10885 10374 11402 10387 10899 10397 11421 11426 10403 10419 10420 10422 11447 10424 10939 11457 10435 10436 11465 10443 10444 11467 11474 11475 10452 10454 10455 10459 10973 10464 11495 11497 10474 10477 10991 10481 10995 10491 11012 11017 10513 10514 11030 11038 11040 11042 11044 11558 11560 10539 10544 11063 11577 10563 11588 11079 10574 11087 10579 10580 11610 10587 11099 11110 11111 10604 10093 10094 10097 10613 10105 10106 10107 11130 11647 11649 10114 10626 11651 11137 10118 11148 11150 10639 11152 10130 10645 10134 10649 11165 11168 10659 10663 10669 10673 10675 10676 10678 10167 10169 11193 10171 10173 10174 10177 10178 10690 10698 10189 10702 11215 10195 10196 11220 10198 11223 10203 11228 10208 10209 10724 11239 10729 10218 10731 10732 11245 10739 11257 10236 10237
	}
	weather={
	}
}
