
strategic_region={
	id=9
	name="9_Ile_de_France"
	provinces={
		936 937 944 945 946 951 958 963 968 973 974 975 982 983 994 995 997 998 999 1000 1005 1013 1018 1022 1023 1026 1035 1040 1041 1042 1048 1051 1052 1053 1057 1058 1059 1068 1069 1070 1072 1073 1074 1075 1085 1086 1087 1090 1091 1092 1093 1115 1116 1119 1120 1121 1124 1125 1131 1132 1136 1137 1138 1143 1152 1153 1154 1159 1160 1161 1165 1166 1167 1171 1176 1177 1180 1181 1192 1193 1194 1199 1201 1206 1207 1208 1209 1212 1220 1223 1227 1234 1235 1240 1241 1242 1248 1254 1258 1259 1260 1265 1266 1267 1268 1269 1283 1286 1287 1291 1292 1301 1302 1316 1317 1318 1319 1320 1330 1337 1338 1339 1347 1348 1351 1352 1353 1354 1363 1368 1373 1374 1381 1394 1395 1396 1397 1405 1406 1407 1419 1427 1428 1439 1440 1441 1449 1458 1468 1469 1477 1482 1488 1495 1505 1513 1514 1524 1525 1526 1536 1549 1550 1555 1561 1576 1577 1586 1590 1591 1599 1600 1601 1612 1625 1630 1637 1646 1647 1648 1649 1653 1665 1677 1689 1702 1703 1705 1722 1728 1733 1744 1745 1755 1766 1775 1776 1777 1784 1793 1802 1808 1817 1823 1824 1833 1842 1851 1852 1864 1883 1893 1905 
	}
	weather={
	}
}
