#COLOR 64 64 64
strategic_region={
	id=9
	name=9_Mediterranean
	provinces={
		1 2 3 4 5 7 8 9 10 12 14 17 18 19 20 21 22 24 25 26 27 28 29 30 32 33 34 37 38 39 40 41 42 43 44 48 49 50 51 53 54 55 56 59 63 64 65 66 67 68 69 70 71 72 73 76 77 78 79 80 81 82 84 88 90 91 92 94 95 96 101 102 103 104 105 106 107 109 110 115 116 117 118 119 120 121 122 123 127 128 129 135 136 137 138 139 140 141 142 143 144 146 148 149 150 151 152 153 154 156 157 160 161 162 163 164 165 166 167 168 169 173 174 175 176 177 179 180 183 184 185 186 187 188 189 190 191 192 193 194 196 198 199 200 201 202 203 204 205 206 207 208 212 213 214 215 216 217 218 219 220 221 222 223 224 225 226 232 233 234 235 236 237 238 239 240 241 242 243 244 246 248 256 257 258 260 261 262 263 264 267 268 269 270 271 272 273 274 275 277 278 279 280 281 282 283 285 286 294 295 297 298 299 300 301 311 312 314 315 316 317 318 326 328 329 330 332 333 334 335 338 347 348 349 350 351 352 353 358 359 360 361 362 363 364 365 366 367 368 377 378 379 381 382 383 384 385 386 387 388 389 394 396 397 398 399 401 402 403 405 406 407 408 416 417 418 419 420 425 426 427 428 429 430 431 432 442 443 444 445 446 447 448 450 451 458 459 460 461 462 463 464 465 466 471 474 475 476 477 478 480 482 483 485 490 491 492 493 495 496 498 499 500 501 507 508 509 510 511 512 513 520 521 522 523 524 525 526 527 531 532 533 534 535 536 537 543 544 545 546 547 549 550 558 559 560 561 562 563 564 565 566 567 568 569 576 577 578 579 580 581 582 584 598 599 600 602 603 604 605 606 607 608 615 616 617 618 620 621 622 623 625 626 635 636 637 638 639 646 647 650 651 653 654 657 664 665 666 667 669 670 672 674 678 679 680 681 682 683 684 685 686 687 688 700 701 702 703 704 705 706 707 717 718 719 720 721 731 732 733 734 735 736 737 738 739 752 753 754 756 757 758 759 762 763 770 771 772 773 774 776 777 778 784 785 786 787 788 789 790 791 802 803 804 805 806 807 809 810 811 812 814 816 829 830 831 832 833 834 836 838 839 840 841 842 849 850 851 852 853 855 857 858 859 860 873 874 875 876 877 886 887 888 889 890 891 892 893 894 895 896 897 898 908 909 910 911 913 914 926 927 928 929 930 931 932 933 938 939 940 941 942 943 944 947 948 949 950 951 964 965 966 967 968 969 970 971 972 974 986 987 988 989 990 991 992 994 995 1001 1002 1003 1004 1005 1006 1007 1009 1019 1020 1021 1022 1023 1024 1025 1026 1027 1028 1029 1030 1032 1034 1046 1047 1048 1049 1050 1051 1052 1053 1054 1056 1057 1058 1061 1066 1067 1068 1069 1070 1071 1072 1073 1074 1075 1078 1079 1088 1089 1090 1091 1092 1093 1094 1095 1096 1097 1099 1106 1107 1108 1109 1110 1111 1112 1114 1115 1116 1117 1118 1125 1126 1127 1128 1129 1130 1131 1132 1133 1139 1140 1141 1142 1143 1144 1145 1146 1156 1157 1158 1159 1160 1161 1162 1163 1164 1173 1175 1176 1177 1190 1201 1202 1203 1204 1205 1206 1207 1208 1209 1219 1220 1221 1222 1223 1224 1225 1226 1234 1235 1236 1237 1238 1239 1240 1241 1242 1249 1250 1259 1260 1261 1262 1263 1264 1265 1276 1277 1278 1279 1280 1281 1292 1293 1301 1302 1304 1305 1306 1307 1316 1318 1319 1320 1322 1323 1324 1325 1330 1331 1332 1333 1334 1335 1337 1338 1339 1340 1341 1342 1343 1344 1349 1350 1351 1352 1361 1362 1363 1364 1365 1374 1375 1376 1377 1382 1383 1384 1385 1395 1396 1397 1398 1404 1405 1407 1408 1416 1417 1418 1425 1435 1436 1437 1442 1443 1444 1446 1447 1453 1454 1455 1459 1461 1462 1463 1464 1471 1472 1478 1484 1485 1486 1487 1488 1494 1495 1496 1497 1498 1508 1509 1510 1515 1519 1522 1523 1524 1527 1528 1535 1536 1537 1539 1540 1541 1543 1545 1550 1551 1557 1558 1559 1562 1564 1569 1572 1573 1577 1586 1587 1588 1589 1590 1594 1595 1605 1618
	}
	weather={
	}
}
