
strategic_region={
	id=13
	name="13_Mittelgebirgs"
	provinces={
		2166 2175 2207 2216 2222 2224 2231 2236 2237 2238 2247 2248 2259 2260 2272 2283 2284 2285 2291 2292 2293 2294 2298 2303 2304 2313 2314 2317 2318 2326 2327 2328 2329 2332 2333 2334 2339 2340 2341 2346 2347 2348 2349 2352 2365 2366 2370 2371 2375 2379 2380 2388 2389 2390 2395 2396 2397 2398 2399 2403 2407 2408 2409 2413 2414 2415 2420 2421 2422 2429 2433 2439 2448 2449 2450 2451 2452 2453 2469 2470 2471 2476 2477 2478 2479 2480 2481 2487 2490 2491 2495 2500 2501 2505 2509 2510 2511 2519 2526 2537 2538 2547 2548 2549 2550 2551 2557 2563 2564 2570 2571 2583 2584 2590 2591 2592 2597 2598 2599 2600 2609 2610 2613 2614 2626 2627 2628 2633 2644 2645 2646 2648 2649 2656 2657 2673 2674 2675 2679 2680 2681 2683 2690 2696 2697 2704 2712 2713 2720 2721 2729 2739 2745 2746 2759 2772 2777 2778 2789 2806 2828 2839 2863 2894 
	}
	weather={
	}
}
