3 10 1266 1847 1889 1852 1881 1287 1423 1238 1242 674 
1 6 1266 360 1896 1888 1867 1881 
3 3 674 752 1028 
3 11 1266 697 845 1173 1316 881 1527 882 609 1457 1771 
3 11 697 1223 608 785 1744 1697 1630 1651 1525 1728 1650 
3 5 1650 1645 482 877 1410 
3 3 1410 1343 1576 
3 22 1576 1632 1685 1648 1686 843 445 97 1095 106 798 1754 1531 1518 1639 1617 1468 1719 1626 1485 1239 1202 
3 7 1202 644 975 1803 1629 1710 1681 
3 7 1681 1637 1810 1684 1760 1891 360 
3 8 1684 1752 1817 1742 1823 1797 1477 1518 
3 3 1468 1656 1564 
3 4 1564 1780 1166 1425 
3 7 1518 1864 1796 1731 1703 1854 1898 
3 4 1425 323 1827 1898 
1 3 1564 1383 1658 
1 3 1564 1580 1335 
1 4 1425 1469 594 1245 
3 3 1245 555 1210 
1 3 1827 1872 1895 
1 3 1731 516 1425 
1 3 1656 1869 1887 
1 5 1887 1639 1672 1602 1627 
1 3 1627 1689 1629 
1 5 1681 1715 1726 1785 1627 
1 2 1629 1636 
1 6 849 1320 1589 526 1707 1888 
1 3 674 1526 849 
1 3 1589 1786 1681 
1 4 1744 1809 1720 1794 
1 3 1684 1813 1809 
1 6 1794 1818 1651 1763 1077 1220 
1 6 1316 1220 1759 1734 1515 1650 
1 3 1515 1730 779 
1 9 264 60 260 779 23 356 75 1004 1650 
1 7 482 1339 932 822 142 727 1648 
1 4 1525 1815 1846 1339 
1 5 1794 1114 669 485 1095 
1 5 1794 1680 1745 1662 1742 
1 3 1514 1670 1419 
1 5 1419 1890 1862 1837 1898 
1 7 1862 1620 1523 1871 1839 1549 1514 
1 3 1620 1732 1703 
1 7 1703 1773 1814 1679 777 988 1095 
3 3 1771 1757 1791 
2 9 1791 1788 1657 185 80 93 332 251 2014 
3 6 2014 198 1963 1993 1902 1951 
3 7 1951 1910 1979 1914 1926 2129 2144 
3 8 2144 2041 1978 1950 2159 2149 2180 2102 
3 4 2180 1927 1946 2047 
3 3 2047 2029 2083 
3 9 2047 2000 2019 1923 1084 2165 2174 2207 2081 
1 5 2003 2108 2046 2049 2057 
1 6 1985 1996 2057 1949 2033 2104 
1 2 1942 2104 
1 6 2165 1900 635 1915 1990 1942 
1 6 2198 2097 2131 2121 2084 1950 
3 10 2041 2122 2078 1909 1953 2073 1992 2106 2214 2221 
3 4 2221 2223 2189 1686 
3 6 2221 2226 2228 2213 688 1951 
3 3 1576 2224 2228 
2 8 1343 1591 1738 12 264 509 1694 1791 
1 7 264 348 219 303 37 146 332 
3 7 1979 1579 2066 1977 2146 2173 2166 
3 6 2166 1986 2089 2145 2139 2148 
3 4 2166 2188 2119 2156 
2 8 2173 2193 1924 1913 2028 2054 42 1940 
3 5 1940 1905 1908 1970 2063 
3 3 1940 1934 1928 
3 3 2063 2044 2041 
3 5 1970 2001 2128 2138 2144 
2 5 2198 2080 2059 2209 2189 
1 2 1549 2189 
3 7 2102 2204 2039 2002 1911 1753 1898 
2 7 2102 2147 2212 2034 2194 2107 1419 
1 3 2194 2195 2097 
1 8 2000 2074 2099 2024 1971 1958 2154 2149 
3 7 2063 2172 2175 2127 2079 2171 2055 
3 2 2171 2143 
2 7 2172 1975 1936 2005 2040 1387 1971 
1 9 2171 2072 1991 2117 2157 2075 2060 2008 2099 
1 5 2157 2187 2184 2208 2125 
1 9 2047 1997 1929 1961 635 2020 1995 1904 2207 
2 13 1951 1959 1427 1901 2218 2185 2169 2202 2211 2026 1921 1944 2089 
2 4 2145 2124 2161 2115 
2 6 1992 2068 1918 1967 2006 1914 
3 3 1946 1999 1925 
1 4 1925 2135 2120 2002 
1 8 1576 1690 1708 1587 1406 1755 413 219 
1 5 1406 1631 1532 1941 1963 
1 4 1924 2100 1984 1926 
1 3 2003 1983 2167 
3 12 1881 1115 968 1329 1251 1180 320 976 922 419 256 1060 
1 6 976 715 344 324 112 294 
1 4 344 180 872 737 
3 8 1266 1882 1784 7 1248 799 890 806 
3 5 845 1832 1853 74 355 
3 5 355 879 466 784 415 
1 4 355 725 1249 1316 
1 4 1249 722 469 195 
