1 2052
1 6153
1 2058
1 2572
1 2574
1 4623
1 1562
1 3615
1 2079
1 2595
1 6180
1 3623
1 3116
1 6202
1 3646
1 2112
1 4673
1 2628
1 6216
1 6224
1 5201
1 4180
1 3158
1 3170
1 2667
1 5741
1 4206
1 2161
1 5235
1 2169
1 2690
1 5253
1 6281
1 6283
1 1678
1 4240
1 2193
1 3219
1 2197
1 3223
1 3230
1 4766
1 673
1 2216
1 1201
1 4273
1 3766
1 6330
1 4797
1 5311
1 2240
1 1730
1 1731
1 4808
1 4297
1 714
1 4811
1 5323
1 2260
1 2775
1 2263
1 3289
1 1244
1 2788
1 4846
1 5359
1 1265
1 4852
1 4853
1 2806
1 251
1 1787
1 1790
1 3327
1 3335
1 4363
1 2319
1 4882
1 5402
1 5917
1 3361
1 3364
1 4904
1 1832
1 3882
1 4907
1 4908
1 2861
1 2350
1 4399
1 5422
1 1855
1 2880
1 3393
1 2885
1 5958
1 5447
1 2376
1 2378
1 5454
1 5973
1 856
1 3422
1 3937
1 4962
1 355
1 1893
1 5478
1 3432
1 3946
1 3950
1 2415
1 4983
1 3450
1 3452
1 5503
1 1921
1 3461
1 3466
1 4490
1 1935
1 1424
1 1941
1 2966
1 1946
1 5033
1 4011
1 6059
1 2993
1 3002
1 5562
1 5052
1 2499
1 1997
1 3027
1 482
1 5093
1 3051
1 1517
1 5119
