#COLOR 148 147 174
state={
	id=100
	name=100_Picardie
	history={
		owner = FRA
		buildings = {
			infrastructure = 4
		}
		add_core_of = FRA
	}
	provinces={
		2157 1794 2153 2126 2124 2056 2092 2186 2025 1877 2010 2217 2198 2081 2102 1966 2061 1939 2241 1854 2226 2005 1977 2068 1951 1929 2125 2112 2032 2295 2278 2143 2269 2204 2162 2111 1958 2273 2117 1853 2006 1996 2335 2144 2170 2041 2033 2239 2244 1900 2308 2185 1906 1940 1967 2075 2268 1950 2321 2007 2179 2218 2205 2040 2199 2211 2051 2034 2240 2233 2250 2156 1976 2232 2234 2161 2076
	}
	manpower=1000
	buildings_max_level_factor=1.000
	state_category=rural
}