#COLOR 21 87 173
state={
	id=11
	name=11_Dauphine
	history={
		owner = FRA
		buildings = {
			infrastructure = 4
		}
		add_core_of = FRA
	}
	provinces={
		2 6 8 11 32 56 58 59 61 94 122 143 185 206 210 444 481 551 558 617 731 762 766 953 994 1002 1023 1132 1169 1173 1207 1240 1285 1291 1293 1422 1462 1463 1498 1570 1752 1842 1850 1898 1906 1957 1965 1966 1976 2008 2135 2136 2499 2547 2592 2750 2811 2858 3047 3088 3125 3213 3257 3812 3920 3923
	}
	manpower=1000
	buildings_max_level_factor=1.000
	state_category=rural
}