#COLOR 49 81 78
state={
	id=139
	name=139_Bohemia
	history={
		owner = AUS
		buildings = {
			infrastructure = 4
		}
		add_core_of = AUS
	}
	provinces={
		513 609 678 759 852 853 856 858 890 894 895 901 942 944 945 1025 1068 1122 1163 1165 1283 1378 1379 1454 1502 1556 1557 1607 1612 1647 1648 1649 1651 1692 1753 1803 1843 1844 1905 1961 2010 2050 2202 2245 2248 2297 2302 2341 2400 2403 2406 2449 2502 2549 2689 2807 2817 2855 2951 2953 3007 3046 3049 3302
	}
	manpower=1000
	buildings_max_level_factor=1.000
	state_category=rural
}