#COLOR 66 45 22
state={
	id=146
	name=146_Banja_Luka
	history={
		owner = AUS
		buildings = {
			infrastructure = 4
		}
		add_core_of = AUS
	}
	provinces={
		259 260 293 296 325 346 348 386 432 433 531 577 603 604 664 706 748 800 801 845 975 1063 1148 1271 1273 1329 1370 1533 1589 1677 1680 1790 1792 1941 1943 2042 2080 2180 2233 2274 2282 2376 2573 2626 2723 2786 2835 2838 2840 2885 2937 2986 2988 3023 3149 3191 3194 3285 3363 3389 3425 3426 3467 3470 3552 3586 3632 3710 3909 3910 3950 4034 4040 4143 4194 4392 4393 4433 4466 4517 4568 4644 4778 4816 4853 4854
	}
	manpower=1000
	buildings_max_level_factor=1.000
	state_category=rural
}