#COLOR 68 33 190
state={
	id=148
	name=148_Vardar
	history={
		owner = TUR
		buildings = {
			infrastructure = 4
		}
		add_core_of = TUR
	}
	provinces={
		1633 2077 2121 2527 2825 2826 2831 2930 2933 3106 3109 3110 3111 3186 3317 3506 3544 3547 3583 3660 3662 3699 3746 3747 3787 3789 3834 3938 3940 3992 4076 4245 4251 4252 4336 4345 4346 4347 4381 4385 4428 4430 4598 4641 4643 4681 4767 4896 5000 5047 5126 5217 5363 5368 5496 5551 5555 6101 6102 6307
	}
	manpower=1000
	buildings_max_level_factor=1.000
	state_category=rural
}