#COLOR 75 90 74
state={
	id=153
	name=153_Shumen
	history={
		owner = BUL
		buildings = {
			infrastructure = 4
		}
		add_core_of = BUL
	}
	provinces={
		1418 1599 1600 1601 1688 1689 1748 1896 2001 2045 2090 2130 2191 2193 2388 2437 2542 2680 2682 2736 2802 2849 2996 2997 3031 3032 3080 3081 3203 3204 3295 3333 3398 3399 3435 3482 3525 3559 3560 3563 3678 3720 3764 3883 3887 3922 3958 3962 3963 4010 4051 4053 4088 4155 4309 4359
	}
	manpower=1000
	buildings_max_level_factor=1.000
	state_category=rural
}