#COLOR 76 54 29
state={
	id=155
	name=155_Styria
	history={
		owner = AUS
		buildings = {
			infrastructure = 4
		}
		add_core_of = AUS
	}
	provinces={
		710 751 799 934 1149 1231 1232 1272 1371 1406 1540 1591 1679 1996 1998 2037 2082 2123 2124 2178 2183 2281 2329 2425 2487 2535 2576 2724 2725 3027 3242 3283 3284 3322 3362 3391 3711 3796 3797 3949 3996 4041 4200 4298 4395 4606 4698 4780 4781 4815 5007 5091 5184 5228 5233
	}
	manpower=1000
	buildings_max_level_factor=1.000
	state_category=rural
}