#COLOR 81 150 123
state={
	id=158
	name=158_Deutschbohmen
	history={
		owner = AUS
		buildings = {
			infrastructure = 4
		}
		add_core_of = AUS
	}
	provinces={
		1659 1768 1806 2016 2150 2246 2250 2301 2307 2354 2410 2455 2461 2554 2593 2642 2645 2647 2864 2959 2961 2963 3048 3054 3091 3092 3127 3137 3140 3303 3343 3406 3447 3495 3535 3536 3572 3576 3738 3782 3784 3817 3826 3933 3974 4020 4061 4099 4130 4326 4374 4495 4546 4552 4756 5120
	}
	manpower=1000
	buildings_max_level_factor=1.000
	state_category=rural
}