#COLOR 85 113 85
state={
	id=159
	name=159_Sibiu
	history={
		owner = HUN
		buildings = {
			infrastructure = 4
		}
		add_core_of = HUN
	}
	provinces={
		2096 2194 2196 2393 2441 2443 2545 2589 2686 2688 2803 2806 2812 2899 2903 2949 3042 3043 3084 3158 3163 3164 3206 3208 3209 3212 3251 3298 3299 3334 3335 3338 3368 3436 3444 3485 3523 3524 3562 3686 3721 3726 3769 3815 3888 3892 3964 3970 4096 4127 4163 4164 4221 4229 4275 4315 4361 4365 4445 4483 4535 4583 4657 4868 5064
	}
	manpower=1000
	buildings_max_level_factor=1.000
	state_category=rural
}