#COLOR 101 37 93
state={
	id=167
	name=167_Lemberg
	history={
		owner = AUS
		buildings = {
			infrastructure = 4
		}
		add_core_of = AUS
	}
	provinces={
		1822 1823 1878 1988 1991 1992 2032 2036 2171 2174 2175 2324 2326 2370 2612 2614 2662 2663 2716 2779 2926 3021 3104 3105 3107 3108 3184 3232 3277 3417 3421 3502 3546 3624 3663 3664 3704 3745 3788 3835 3939 3988 3989 4026 4068 4184 4185 4187 4289 4292 4342 4382 4425 4600 4680 4684 4685 4769 4842 4897 4939 4945 4998 5043 5082 5128 5129 5130 5216 5270 5271 5446 5494 5548 5705 5712 5749 5786 5787 5909 5915 5952 6016 6125 6126 6277
	}
	manpower=1000
	buildings_max_level_factor=1.000
	state_category=rural
}