#COLOR 101 98 46
state={
	id=168
	name=168_Arges
	history={
		owner = ROM
		buildings = {
			infrastructure = 4
		}
		add_core_of = ROM
	}
	provinces={
		1745 1746 1835 1888 2043 2085 2128 2538 2580 2672 2801 2845 2846 2848 2941 3074 3075 3118 3290 3291 3432 3433 3473 3477 3478 3479 3521 3558 3601 3674 3809 3914 3956 4047 4116 4118 4211 4265 4357 4404 4478 4616 4619 4649 4862 4963 4964 4966 5012 5058 5096 5247 5379 5762 5804
	}
	manpower=1000
	buildings_max_level_factor=1.000
	state_category=rural
}