#COLOR 105 220 119
state={
	id=170
	name=170_Pleven
	history={
		owner = BUL
		buildings = {
			infrastructure = 4
		}
		add_core_of = BUL
	}
	provinces={
		2216 2219 2705 2872 2921 3265 3312 3313 3349 3374 3454 3455 3499 3539 3570 3613 3619 3655 3659 3735 3736 3742 3858 3978 4022 4023 4060 4064 4132 4134 4170 4284 4458 4553 4592 4595 4635 4672 4799 4801 4839 4883 4988 5033 5076 5124 5169 5172 5401 5743 5780 5946 5988 6058
	}
	manpower=1000
	buildings_max_level_factor=1.000
	state_category=rural
}