#COLOR 109 65 25
state={
	id=176
	name=176_Pest
	history={
		owner = HUN
		buildings = {
			infrastructure = 4
		}
		add_core_of = HUN
	}
	provinces={
		2079 2176 2231 2277 2280 2485 2575 2665 2719 2782 2788 2935 3022 3144 3192 3236 3509 3513 3550 3591 3592 3630 3667 3709 3751 3752 3905 3907 4074 4075 4195 4259 4391 4561 4564 4565 4848 4851 4903 5187 5232 5367 5410 5633 5675 5720 5721 5755 5956 5994 6024 6025 6071 6073 6283 6352 6394 6434 6531 6629 6663 6688
	}
	manpower=1000
	buildings_max_level_factor=1.000
	state_category=rural
}