#COLOR 117 166 155
state={
	id=181
	name=181_Moravia
	history={
		owner = AUS
		buildings = {
			infrastructure = 4
		}
		add_core_of = AUS
	}
	provinces={
		3304 3684 3730 3771 3772 3775 3852 3853 3890 3930 3931 3969 3975 4014 4017 4019 4235 4280 4319 4321 4363 4367 4370 4489 4490 4590 4662 4663 4714 4754 4795 4830 4833 4880 4932 4983 5067 5115 5208 5256 5261 5343 5396 5399 5435 5436 5439 5479 5484 5576 5581 5583 5735 5736 5772 5867 5899 5900 5901 6012 6049 6121
	}
	manpower=1000
	buildings_max_level_factor=1.000
	state_category=rural
}