#COLOR 123 202 42
state={
	id=184
	name=184_Plovdiv
	history={
		owner = BUL
		buildings = {
			infrastructure = 4
		}
		add_core_of = BUL
	}
	provinces={
		1477 1632 1729 2108 2116 2474 2518 2772 2822 2874 2968 2971 3013 3059 3060 3096 3101 3171 3173 3226 3272 3307 3351 3408 3413 3459 3497 3532 3692 3739 3786 3859 3865 3899 3937 4059 4104 4135 4176 4241 4286 4335 4376 4377 4597 4671 4675 4935 5077 5079 5171 5214 5906 6270 6620 6716
	}
	manpower=1000
	buildings_max_level_factor=1.000
	state_category=rural
}