#COLOR 27 179 178
state={
	id=18
	name=18_Orleanais
	history={
		owner = FRA
		buildings = {
			infrastructure = 4
		}
		add_core_of = FRA
	}
	provinces={
		19 31 39 73 83 105 106 129 131 135 167 217 224 245 284 288 317 424 427 490 498 566 600 601 627 661 699 738 740 828 831 1006 1098 1138 1313 1399 1438 1466 1481 1513 1519 1621 1623 1631 1710 1714 1816 1866 1868 1923 1933 1984 2152 2157 2163 2257 2308 2313 2319 2605 2769 2771 2867 2975 3062 3063 3099 3228
	}
	manpower=1000
	buildings_max_level_factor=1.000
	state_category=rural
}