#COLOR 0 106 66
state={
	id=1
	name=1_Hannover
	history={
		owner = GER
		buildings = {
			infrastructure = 4
		}
		add_core_of = GER
	}
	provinces={
		3485 3240 3227 3265 3520 3538 3211 3575 3293 3309 3436 3310 3364 3502 3345 3382 3426 3085 3231 3243 3287 3521 3481 3344 3394 3486 3125 3637 3337 3266 3223 3419 3329 3563 3283 3549 3435 3242 3217 3349 3462 3522 3233 3086 3267 3475 3393 3300 3319 3539 3294 3448 3404 3073 3350 3354 3398 3292 3241 3201 3383 3457 3140 3232
	}
	manpower=1000
	buildings_max_level_factor=1.000
	state_category=rural
}