#COLOR 170 15 91
state={
	id=206
	name=206_Krakau
	history={
		owner = AUS
		buildings = {
			infrastructure = 4
		}
		add_core_of = AUS
	}
	provinces={
		4507 4513 4639 4677 4770 4840 4889 5038 5215 5269 5670 5707 5781 5872 5910 6164 6166 6386 6420 6421 6520 6626 6652 6654 6798 6802 6834 7115 7118 7143 7205 7206 7230 7256 7357 7389 7410 7411 7571 7590 7609 7632 7633 7720 7740 7760 7761 7797 7887 7936 7951 8030 8053 8081
	}
	manpower=1000
	buildings_max_level_factor=1.000
	state_category=rural
}