#COLOR 29 41 160
state={
	id=20
	name=20_Nivernais_Auvergne
	history={
		owner = FRA
		buildings = {
			infrastructure = 4
		}
		add_core_of = FRA
	}
	provinces={
		1 20 108 111 114 137 138 156 168 169 171 204 234 295 299 431 530 540 575 585 673 705 745 848 880 933 971 980 1017 1057 1060 1104 1114 1153 1154 1229 1230 1235 1321 1324 1325 1330 1415 1416 1494 1535 1537 1541 1588 1592 1597 1598 1739 1787 1789 1884 1886 1891 1942 1946 2040 2083 2184 2187 2284 2333 2379 2574 2582 2628 2668 2792 2793 2834 2991 2993 3070 3073 3241 3364 3469 3514
	}
	manpower=1000
	buildings_max_level_factor=1.000
	state_category=rural
}