#COLOR 176 114 98
state={
	id=210
	name=210_Niederosterriech
	history={
		owner = AUS
		buildings = {
			infrastructure = 4
		}
		add_core_of = AUS
	}
	provinces={
		5500 5556 5634 5638 5676 5751 5845 5962 5997 6028 6130 6134 6137 6215 6253 6256 6313 6345 6353 6559 6563 6566 6604 6630 6632 6662 6690 6692 6730 6814 6940 6963 7045 7046 7174 7193 7194 7214 7237 7240 7291 7340 7343 7419 7442 7469 7548 7596 7600 7603 7621 7647 7661 7691 7693 7710 7749 7806 7822 7857 7858 7925 7959 7979 7991 8002 8021
	}
	manpower=1000
	buildings_max_level_factor=1.000
	state_category=rural
}