#COLOR 182 62 179
state={
	id=214
	name=214_Carniola
	history={
		owner = AUS
		buildings = {
			infrastructure = 4
		}
		add_core_of = AUS
	}
	provinces={
		5407 5408 5489 5491 5545 5708 5785 5873 6018 6019 6060 6062 6205 6208 6210 6246 6273 6274 6496 6524 6657 6685 6835 6862 6929 7015 7042 7139 7191 7233 7257 7279 7281 7335 7358 7359 7394 7436 7482 7513 7612 7634 7682 7704 7705 7763 7764 7801 7854 7888 7889 7904 7939 7950 8029 8032 8033 8098 8126
	}
	manpower=1000
	buildings_max_level_factor=1.000
	state_category=rural
}