#COLOR 183 129 176
state={
	id=215
	name=215_Przemysl
	history={
		owner = AUS
		buildings = {
			infrastructure = 4
		}
		add_core_of = AUS
	}
	provinces={
		6070 6104 6132 6135 6173 6255 6285 6315 6346 6430 6431 6467 6560 6561 6564 6602 6660 6695 6774 6866 6871 6894 6936 6965 6990 7048 7050 7101 7124 7129 7173 7175 7177 7213 7215 7288 7289 7293 7318 7366 7405 7406 7417 7418 7420 7421 7468 7491 7494 7522 7524 7525 7673 7692 7729 7748 7787 7804 7820 7861 7919 7923 7973 7977 8003 8004 8042
	}
	manpower=1000
	buildings_max_level_factor=1.000
	state_category=rural
}