#COLOR 192 195 62
state={
	id=222
	name=222_Bucegi
	history={
		owner = ROM
		buildings = {
			infrastructure = 4
		}
		add_core_of = ROM
	}
	provinces={
		4538 4975 5020 5148 5288 5432 5520 5565 5605 5685 5723 5768 5806 5854 5971 6010 6144 6449 6612 6671 6705 6706 6711 6755 6760 6784 6824 6856 6950 7009 7034 7035 7093 7188 7201 7251 7254 7305 7331 7356 7456 7457 7480 7510 7511 7585 7586 7716 7759 7796 7814 7827 7850 7883 7884 7885 7983 7984 7996 8016 8125 8146
	}
	manpower=1000
	buildings_max_level_factor=1.000
	state_category=rural
}