#COLOR 195 131 87
state={
	id=223
	name=223_Alfold
	history={
		owner = HUN
		buildings = {
			infrastructure = 4
		}
		add_core_of = HUN
	}
	provinces={
		6216 6314 6433 6435 6472 6570 6634 6732 6733 6736 6869 6870 6896 6899 6906 6932 6994 6999 7023 7051 7053 7073 7079 7196 7244 7287 7294 7372 7579 7620 7651 7695 7786 7808 7833 7834 7841 7863 7892 7896 7920 7931 7961 7962 7975 7978 7992 8001 8006 8025 8044 8061 8088 8109 8121 8155 8156 8166 8188 8189 8209 8217 8253 8270
	}
	manpower=1000
	buildings_max_level_factor=1.000
	state_category=rural
}