#COLOR 195 149 96
state={
	id=224
	name=224_Sarajevo
	history={
		owner = AUS
		buildings = {
			infrastructure = 4
		}
		add_core_of = AUS
	}
	provinces={
		6110 6175 6360 6396 6438 6439 6441 6475 6533 6535 6667 6696 6775 6778 6900 6907 6909 6910 6970 7000 7026 7081 7104 7109 7178 7179 7270 7297 7299 7321 7342 7373 7553 7602 7606 7623 7652 7662 7731 7773 7774 7776 7899 7964 8008 8010 8013 8076 8078 8086 8122 8158 8177 8190 8192 8244 8257
	}
	manpower=1000
	buildings_max_level_factor=1.000
	state_category=rural
}