#COLOR 199 132 59
state={
	id=228
	name=228_Central_Transdanubia
	history={
		owner = HUN
		buildings = {
			infrastructure = 4
		}
		add_core_of = HUN
	}
	provinces={
		5999 6000 6107 6139 6249 6282 6311 6350 6471 6537 6562 6636 6697 6776 6812 6813 6846 6849 6895 6897 6964 6993 7047 7212 7263 7267 7295 7296 7317 7345 7370 7375 7470 7495 7499 7601 7619 7646 7688 7689 7713 7770 7771 7775 7789 7790 7809 7836 7839 7879 7900 7911 7918 7927 8026 8043 8074 8105 8110 8127 8134 8201 8249 8256 8261 8289 8327
	}
	manpower=1000
	buildings_max_level_factor=1.000
	state_category=rural
}