#COLOR 207 127 101
state={
	id=229
	name=229_Tirol
	history={
		owner = AUS
		buildings = {
			infrastructure = 4
		}
		add_core_of = AUS
	}
	provinces={
		6567 6600 6731 6768 6809 6893 6931 6966 7100 7128 7176 7236 7315 7367 7467 7472 7492 7517 7519 7526 7527 7597 7616 7618 7709 7727 7730 7745 7747 7769 7802 7819 7832 7837 7908 7916 7917 7921 7954 8024 8037 8073 8075 8085 8117 8129 8130 8132 8137 8138 8165 8174 8200 8224 8281 8282 8297 8306 8314 8315 8316 8324 8325 8330 8332 8333
	}
	manpower=1000
	buildings_max_level_factor=1.000
	state_category=rural
}