#COLOR 217 170 222
state={
	id=232
	name=232_Vojvodina
	history={
		owner = HUN
		buildings = {
			infrastructure = 4
		}
		add_core_of = HUN
	}
	provinces={
		7107 7108 7153 7154 7195 7216 7242 7262 7264 7341 7369 7471 7500 7528 7551 7552 7578 7604 7622 7624 7674 7690 7694 7842 7859 7860 7876 7895 7897 7929 7930 7944 7945 7960 7993 8007 8045 8103 8104 8119 8131 8135 8141 8153 8154 8176 8191 8198 8216 8230 8231 8254 8276 8312 8317 8318 8326 8337
	}
	manpower=1000
	buildings_max_level_factor=1.000
	state_category=rural
}