#COLOR 228 211 127
state={
	id=233
	name=233_Dobruja
	history={
		owner = ROM
		buildings = {
			infrastructure = 4
		}
		add_core_of = ROM
	}
	provinces={
		6367 6541 6638 6669 6704 6783 6823 6854 6947 7030 7055 7062 7114 7159 7160 7161 7222 7248 7273 7426 7449 7455 7507 7530 7533 7558 7631 7698 7699 7717 7734 7737 7794 7849 7868 7869 7882 7949 7966 7981 7995 8094 8107 8180 8194 8203 8211 8219 8220 8222 8234 8246 8247 8274 8299 8300 8340
	}
	manpower=1000
	buildings_max_level_factor=1.000
	state_category=rural
}