#COLOR 65 71 255
state={
	id=253
	name=253_UNNAMEDSTATE_65_71_255
	history={
	}
	provinces={
		8385 8412 8429 8456 8477 8481 8493 8495 8505 8565 8594 8612 8629 8665 8667 8671 8701 8762 8763 8767 8768 8785 8818 8834 8844 8872 8894 8896 8950 8969 8975 8981 9000 9023 9050 9089 9118 9152 9173 9174 9234 9259 9264 9268 9303 9335 9364 9368 9369 9442 9443 9485 9486 9488 9526 9528 9532 9533 9561 9574 9604 9606 9608 9609 9613 9647 9650 9653 9693 9730 9829 9864 9950 10063 10283 10291 10302 10306 10338 10355 10434 10518 10521 10574 10661 10835 10950 11035 11176 11209 11219 11337 11562 11773
	}
	manpower=0
	buildings_max_level_factor=1.000
	state_category=rural
}