#COLOR 38 58 156
state={
	id=26
	name=26_Normandie
	history={
		owner = FRA
		buildings = {
			infrastructure = 4
		}
		add_core_of = FRA
	}
	provinces={
		1743 2107 1936 2038 1862 1773 2002 1957 1624 1800 1801 1676 1975 1914 1476 1753 1644 1636 1985 2073 1861 1765 1898 1791 1847 1688 1675 1652 1535 1727 1918 1718 1504 1986 2140 1645 2110 1848 1611 1983 1610 1589 1984 1937 1882 1927 1995 1732 1554 1719 1948 1860 2079 1783 1664 1663 1812 1720
	}
	manpower=1000
	buildings_max_level_factor=1.000
	state_category=rural
}