#COLOR 110 3 191
state={
	id=297
	name=297_UNNAMEDSTATE_110_3_191
	history={
	}
	provinces={
		9975 10135 10199 10200 10282 10564 10656 10786 10787 10824 10868 10923 10968 11064 11121 11154 11158 11197 11199 11200 11286 11327 11372 11451 11452 11458 11540 11587 11614 11618 11670 11674 11701 11794 11798 11871 11878 11964 12000 12039 12040 12058 12124 12125 12175 12262 12268 12350 12406 12600 12652 12664 12706 12787 12793 13158 13163 13215 13288 13296 13305 13423 13583 13653 13683 13799 13873 13981 14152 14217 14278 14341 14530 14604 14647 14728 14745 14877 14883 14998 15138 15259 15353 15367 15485 15563 15607 15709 15818 15874 15952 17009 17061 17326
	}
	manpower=0
	buildings_max_level_factor=1.000
	state_category=rural
}