#COLOR 157 18 255
state={
	id=334
	name=334_UNNAMEDSTATE_157_18_255
	history={
	}
	provinces={
		9905 10134 10423 10509 10830 10863 10928 11022 11066 11068 11153 11161 11324 11326 11355 11362 11407 11497 11502 11543 11544 11548 11621 11675 11712 11718 11837 11883 12042 12043 12044 12045 12051 12179 12181 12183 12263 12267 12269 12270 12271 12354 12508 12511 12650 12785 12954 12960 13008 13022 13052 13055 13218 13404 13405 13467 13527 13651 13788 13789 13817 13867 13872 13917 13920 13974 14087 14159 14269 14330 14409 14601 14669 14811 14874 14944 14993 14995 15136 15422 15488 15494 15497 15551 15552 15555 15654 15999 16112 16239 16616 16687 17015 17371
	}
	manpower=0
	buildings_max_level_factor=1.000
	state_category=rural
}