#COLOR 157 57 255
state={
	id=335
	name=335_UNNAMEDSTATE_157_57_255
	history={
	}
	provinces={
		9816 10565 10609 10825 10930 11021 11063 11112 11162 11198 11232 11281 11356 11411 11450 11454 11496 11539 11541 11545 11547 11619 11668 11703 11757 11796 11832 11834 11841 11846 11872 11963 12050 12061 12082 12087 12129 12136 12178 12225 12228 12235 12264 12500 12510 12552 12559 12610 12668 12710 12852 12921 12956 12958 13017 13021 13050 13106 13230 13234 13295 13422 13470 13550 13741 13743 13879 13921 13969 13983 14033 14044 14140 14165 14271 14408 14595 14598 14795 14796 14872 14923 15068 15084 15146 15147 15191 15550 15698 15827 16000 16195 16558 16738
	}
	manpower=0
	buildings_max_level_factor=1.000
	state_category=rural
}