#COLOR 157 71 255
state={
	id=336
	name=336_UNNAMEDSTATE_157_71_255
	history={
	}
	provinces={
		10383 10386 10419 10420 10563 10655 10831 10867 10869 10971 11116 11120 11166 11231 11282 11284 11285 11331 11357 11360 11409 11447 11492 11494 11499 11500 11504 11549 11555 11585 11616 11625 11627 11671 11676 11704 11706 11717 11730 11758 11760 11763 11764 11766 11839 11840 11875 11877 11886 11913 11921 11965 11967 11968 11999 12002 12056 12093 12128 12133 12135 12141 12176 12177 12188 12191 12226 12231 12232 12237 12238 12266 12361 12362 12407 12417 12446 12454 12455 12459 12501 12504 12517 12522 12557 12562 12604 12605 12606 12611 12654 12658 12703 12725 12794 12797 12800 12803 12806 12811 12856 12862 12908 12912 12914 12922 12955 12957 13010 13012 13054 13109 13118 13122 13124 13161 13184 13224 13242 13292 13298 13302 13356 13367 13425 13468 13475 13531 13580 13612 13682 13685 13730 13735 13736 13745 13791 13801 13804 13815 13859 13869 13876 13906 13910 13913 14032 14093 14110 14120 14141 14142 14148 14218 14305 14326 14398 14430 14592 14602 14734 14738 14759 14799 14858 14867 14929 14943 14994 15005 15076 15091 15144 15154 15197 15279 15292 15296 15351 15363 15608 15653 15714 16064 16130 16457 16459 16849
	}
	manpower=0
	buildings_max_level_factor=1.000
	state_category=rural
}