#COLOR 1 133 222
state={
	id=3
	name=3_Gascogne
	history={
		owner = FRA
		buildings = {
			infrastructure = 4
		}
		add_core_of = FRA
	}
	provinces={
		34 82 118 144 148 149 209 211 313 334 366 372 403 449 556 568 596 598 621 624 693 697 782 914 957 1003 1033 1039 1081 1212 1436 1563 1616 1656 1702 1849 1869 1902 1983 2017 2100 2206 2215 2254 2312 2357 2362 2405 2442 2450 2452 2503 2693 2747 2754 2860 3050 3093 3130 3174 3220 3261 3487 3529 3569 4277 4320
	}
	manpower=1000
	buildings_max_level_factor=1.000
	state_category=rural
}