state={
	id=41
	name="PH_1_41"
	history={
		owner = ENG
		add_core_of = ENG
		buildings = {
			infrastructure = 0
		}
	}
	provinces={
		317 318 319 343 550 574 575 576 577 578 579 580 581 582 583 584 590 869 1384 1388 1393 1430 1431 1432 1433 1434 1435 1436 1437 1438 1439 1447 1482 1576 1577 1578 1579 1580 1581 1582 1583 1584 1585 1586 1587 1588 1612 1613 1614 1615 1616 1617 1618 1619 1620 1621 1622 1623 1624 1650 1652 1653 1654 1655 1656 1657 1658 1659 1660 1661 1662 1663 1664 1689 1690 1692 1693 1694 1695 1696 1697 1698 1699 1700 1701 1702 1728 1729 1730 1731 1732 1733 1734 1735 1736 1737 1738 1739 1740 1765 1766 1767 1768 1769 1770 1771 1772 1773 1774 1775 1776 1777 1805 1806 1807 1808 1809 1810 1811 1812 1813 1814 1815 1816 1817 1841 1844 1845 1846 1847 1848 1849 1850 1851 1852 1853 1854 1855 1892 1893 1894 1899 
	}
	manpower=1000
	buildings_max_level_factor=1.000
	state_category=wasteland
	impassable = yes
}
