#COLOR 255 113 181
state={
	id=414
	name=414_UNNAMEDSTATE_255_113_181
	history={
	}
	provinces={
		13314 13361 13419 13428 13476 13478 13485 13541 13589 13669 13672 13687 13747 13819 13825 13827 13882 13929 13979 14028 14104 14151 14168 14214 14215 14347 14403 14417 14423 14531 14656 14668 14678 14740 14747 14756 14817 14871 14931 15009 15087 15155 15205 15268 15284 15423 15432 15487 15490 15600 15605 15662 15719 15768 15771 15823 15835 15886 15894 16059 16116 16124 16134 16136 16185 16203 16244 16305 16316 16361 16396 16508 16512 16563 16686 16691 16741 16757 16838 16840 16844 16892 16950 17005 17080 17172 17173 17218 17284 17290 17291 17325 17330 17383 17427 17470 17599 17600 17604 17636 17676 17680 17713 17714 17717 17721 17723 17762 17774 17840 17870 17877 17900 17972 18012 18017 18041 18042 18045 18048 18125 18153 18158 18199 18200 18203 18239 18248 18301 18309 18338 18366 18371 18393 18398 18430 18434 18450 18454 18464 18480
	}
	manpower=0
	buildings_max_level_factor=1.000
	state_category=rural
}