#COLOR 255 113 255
state={
	id=419
	name=419_UNNAMEDSTATE_255_113_255
	history={
	}
	provinces={
		13311 13316 13363 13547 13681 13731 13813 13927 13973 13980 13987 14029 14041 14045 14228 14301 14402 14477 14655 14658 14742 14815 14820 14866 15151 15266 15282 15424 15491 15760 15761 15772 15892 15898 16001 16063 16137 16322 16358 16456 16462 16513 16515 16570 16613 16681 16688 16845 16851 16948 16960 17004 17014 17068 17078 17118 17120 17165 17225 17226 17327 17333 17338 17382 17386 17387 17435 17549 17634 17640 17643 17684 17688 17711 17722 17757 17759 17871 17875 17902 17944 17948 17976 17982 18049 18122 18155 18310 18339 18399 18401 18427 18460 18461
	}
	manpower=0
	buildings_max_level_factor=1.000
	state_category=rural
}