#COLOR 46 50 50
state={
	id=41
	name=41_Koslin
	history={
		owner = GER
		buildings = {
			infrastructure = 4
		}
		add_core_of = GER
	}
	provinces={
		3681 3887 4007 3689 3894 3895 3948 3621 3577 4004 3888 3809 3654 3844 3966 3776 3991 3729 3555 3646 3815 3782 3840 3674 3675 3980 4020 3783 3901 3876 3827 3950 3690 3857 3975 3789 3532 3755 3762 3934 3817 3971 3765 3942 3763 3870 3698 3889 3622 3933 3723 3527 3900 3730 3766 3919 3916 3584 3861 3648
	}
	manpower=1000
	buildings_max_level_factor=1.000
	state_category=rural
}