state={
	id=43
	name="PH_3_43"
	history={
		owner = ENG
		add_core_of = ENG
		buildings = {
			infrastructure = 0
		}
	}
	provinces={
		1 2 3 4 5 6 7 8 9 10 11 12 13 39 40 41 42 43 44 45 46 47 48 49 50 51 78 79 80 81 82 83 84 85 86 87 88 89 90 115 116 117 118 119 120 121 122 123 124 125 126 127 154 155 156 157 158 159 160 161 162 163 164 165 166 192 193 194 195 196 197 198 199 200 201 202 203 204 230 231 232 233 234 235 236 237 238 239 240 241 242 268 269 270 271 272 273 274 275 276 277 278 279 280 306 307 308 309 310 311 312 313 314 315 316 342 344 345 346 347 348 349 350 351 352 353 355 356 1879 1881 1883 1886 1900 1887 354 357
	}
	manpower=1000
	buildings_max_level_factor=1.000
	state_category=wasteland
	impassable = yes
}
