#COLOR 255 240 255
state={
	id=434
	name=434_UNNAMEDSTATE_255_240_255
	history={
	}
	provinces={
		15395 15396 15461 15462 15526 15528 15686 15744 15799 15802 15858 15859 15917 15921 15975 15977 15978 16097 16271 16272 16274 16336 16337 16339 16373 16375 16425 16531 16532 16533 16596 16653 16720 16721 16724 16869 16871 16929 16982 16983 16986 17038 17097 17098 17099 17149 17151 17152 17198 17199 17259 17310 17312 17357 17359 17404 17448 17492 17495 17573 17574 17618 17666 17700 17783 17815 17858 17887 17925 17961 17999 18026 18027 18028 18062 18102 18173 18174 18176 18177 18219 18220 18263 18264 18356 18383 18415 18416 18441 18442 18474 18476 18477 18492
	}
	manpower=0
	buildings_max_level_factor=1.000
	state_category=rural
}