#COLOR 255 255 209
state={
	id=437
	name=437_UNNAMEDSTATE_255_255_209
	history={
	}
	provinces={
		14392 14571 14572 14641 14781 14782 14785 14910 14911 14914 14974 14976 14979 15126 15181 15246 15331 15402 15403 15470 15537 15580 15583 15631 15632 15634 15751 15813 15925 15985 15989 16040 16100 16103 16167 16279 16282 16283 16340 16345 16346 16379 16380 16431 16432 16494 16540 16602 16604 16655 16731 16783 16784 16789 16790 16828 16829 16937 16939 17051 17102 17103 17156 17204 17263 17314 17317 17362 17414 17457 17498 17539 17624 17671 17702 17743 17748 17792 17818 17820 17860 17862 17864 17893 17931 18003 18006 18035 18076 18147 18180 18266 18297 18321
	}
	manpower=0
	buildings_max_level_factor=1.000
	state_category=rural
}