#COLOR 255 255 213
state={
	id=438
	name=438_UNNAMEDSTATE_255_255_213
	history={
	}
	provinces={
		14260 14574 14707 14708 14710 14843 14846 14980 15047 15125 15127 15247 15328 15332 15400 15404 15405 15463 15468 15469 15471 15533 15579 15633 15688 15749 15807 15810 15811 15862 15863 15981 15984 15987 15988 16041 16043 16165 16169 16228 16229 16231 16376 16382 16492 16493 16539 16545 16546 16547 16657 16659 16660 16728 16729 16732 16788 16875 16934 16991 17154 17201 17206 17413 17453 17454 17580 17582 17626 17703 17704 17705 17746 17747 17788 17791 17817 17822 17933 17934 17964 18001 18002 18068 18070 18077 18106 18146 18148 18181 18294 18295 18298 18322
	}
	manpower=0
	buildings_max_level_factor=1.000
	state_category=rural
}