#COLOR 72 56 95
state={
	id=60
	name=60_Hautes_Pyrenees
	history={
		owner = FRA
		buildings = {
			infrastructure = 4
		}
		add_core_of = FRA
	}
	provinces={
		1190 1372 1405 1443 1488 1489 1538 1636 1637 1681 1741 1742 1788 1827 1828 1831 1882 1883 1939 1944 2275 2279 2331 2373 2571 2617 2619 2621 2783 2785 2832 2833 2884 3025 3026 3237 3282 3387 3388 3511 3589 3628 3629 3633 3708 3792 3794 3870 3908 3947 3995 4077 4142 4199 4295 4432 4566 4725 4727 4730 5002
	}
	manpower=1000
	buildings_max_level_factor=1.000
	state_category=rural
}