#COLOR 80 41 157
state={
	id=65
	name=65_Maine
	history={
		owner = FRA
		buildings = {
			infrastructure = 4
		}
		add_core_of = FRA
	}
	provinces={
		1820 1990 2075 2525 2569 2570 2712 2713 2774 2775 2777 2924 2932 2983 3065 3185 3238 3280 3384 3419 3500 3504 3505 3585 3702 3703 3705 3790 3944 3985 4028 4071 4108 4182 4249 4255 4290 4291 4338 4343 4384 4464 4640 4774 4937 4940 4944 4948 4999 5044 5222 5268 5272 5443 5448 5593 5747 5954 6100 6128
	}
	manpower=1000
	buildings_max_level_factor=1.000
	state_category=rural
}