#COLOR 91 95 138
state={
	id=67
	name=67_Gard
	history={
		owner = FRA
		buildings = {
			infrastructure = 4
		}
		add_core_of = FRA
	}
	provinces={
		2381 2490 2492 2536 2537 2629 2669 2730 2790 2796 2889 2942 2989 2990 3117 3151 3199 3244 3245 3324 3325 3392 3393 3395 3427 3428 3430 3520 3557 3595 3599 3673 3713 3714 3716 3802 3875 3912 3913 3951 3955 4002 4080 4081 4083 4084 4112 4209 4210 4214 4264 4268 4397 4473 4523 4571 4610 4733 4787 4909 4965 5138 5140 5641
	}
	manpower=1000
	buildings_max_level_factor=1.000
	state_category=rural
}