#COLOR 119 151 210
state={
	id=79
	name=79_Guyenne
	history={
		owner = FRA
		buildings = {
			infrastructure = 4
		}
		add_core_of = FRA
	}
	provinces={
		3153 3201 3434 3476 3603 3604 3640 3762 3766 3844 3880 3886 3918 3919 3960 4007 4011 4085 4090 4119 4120 4149 4151 4152 4154 4161 4310 4311 4358 4362 4403 4405 4476 4534 4539 4575 4576 4580 4701 4739 4741 4745 4789 4822 4860 4865 4968 4969 4971 4977 5055 5063 5099 5106 5107 5147 5195 5200 5248 5251 5292 5468 5564 5572 5604 5646 5684 5973 5978 6006 6145 6186 6294 6407 6480 6483 6510
	}
	manpower=1000
	buildings_max_level_factor=1.000
	state_category=rural
}