#COLOR 125 196 167
state={
	id=83
	name=83_Niederbayern
	history={
		owner = GER
		buildings = {
			infrastructure = 4
		}
		add_core_of = GER
	}
	provinces={
		2184 2029 2116 2030 1904 2266 1960 1892 1764 1841 2023 2067 2160 2090 1831 1933 1982 2149 1840 2139 1934 2089 1781 1913 2342 2055 2305 1994 2249 2196 1874 2024 1762 2048 1956 1822 1935 1782 2210 1890 2307 2208 1726 2106 1875 1763 2267 1798 1881 1830 2209 2017 2078 2122 1891 2306 1730 2197 1981 1974 2072 1811
	}
	manpower=1000
	buildings_max_level_factor=1.000
	state_category=rural
}