#COLOR 126 186 139
state={
	id=84
	name=84_Mecklenburg
	history={
		owner = GER
		buildings = {
			infrastructure = 4
		}
		add_core_of = GER
	}
	provinces={
		3567 3640 3627 3606 3821 3770 3620 3678 3631 3594 3709 3743 3735 3742 3746 3641 3754 3710 3771 3706 3734 3550 3663 3589 3564 3715 3701 3760 3680 3660 3702 3717 3714 3793 3753 3688 3661 3684 3523 3662 3610 3611 3568 3679 3728 3639 3792 3668 3719 3718 3825 3626 3580 3588 3669 3797 3687 3642 3747 3774
	}
	manpower=1000
	buildings_max_level_factor=1.000
	state_category=rural
}