#COLOR 127 169 147
state={
	id=86
	name=86_Ostpreussen
	history={
		owner = GER
		buildings = {
			infrastructure = 4
		}
		add_core_of = GER
	}
	provinces={
		3988 3872 3874 3969 3917 3944 4037 4041 3979 3910 3886 3993 3811 3960 3842 3926 3936 3922 3957 3823 3873 3923 3956 3961 4032 4058 4057 3885 3985 3848 3940 3903 3869 4054 4008 3805 4023 4022 3907 3899 4044 4035 4016 4028 4000 4061 4069 3871 3868 3822 4052 4031 4029 4026 4043 3906 3852 4006 3810 3836 3978 3880 3847 3819 4021 3851 3949 4042 3981 3830 4011 3996 4036 3818 3968 4048 4001 3784 3879 4046 3863 3904 4049 4005
	}
	manpower=1000
	buildings_max_level_factor=1.000
	state_category=rural
}