#COLOR 128 161 205
state={
	id=88
	name=88_Berry
	history={
		owner = FRA
		buildings = {
			infrastructure = 4
		}
		add_core_of = FRA
	}
	provinces={
		1073 1041 1018 1005 1093 1075 1119 1192 997 1206 1042 944 1090 937 995 1143 1171 1091 1035 1070 1072 1051 1136 968 998 1167 945 1057 963 958 936 1053 982 1023 1013 1194 1040 1022 1154 1124 1048 1069 1180 1000 975 1068 1026 1181 983 1121 1165 1058 1092 999 974 1120 1074 1115 1087 994 1116 946 1086 973 1199 1059 1052 1138 1125 1085 1159 951
	}
	manpower=1000
	buildings_max_level_factor=1.000
	state_category=rural
}