#COLOR 137 154 149
state={
	id=94
	name=94_Anhalt
	history={
		owner = GER
		buildings = {
			infrastructure = 4
		}
		add_core_of = GER
	}
	provinces={
		4439 4479 4480 4527 4528 4529 4530 4531 4579 4653 4821 4861 4864 4970 5059 5101 5103 5192 5331 5332 5515 5517 5518 5606 5648 5687 5726 5764 5810 5887 5972 5974 6035 6036 6039 6040 6080 6224 6225 6226 6227 6267 6295 6325 6368 6371 6406 6451 6512 6543 6544 6642 6672 6707 6855 6879 6951
	}
	manpower=1000
	buildings_max_level_factor=1.000
	state_category=rural
}