#COLOR 139 60 235
state={
	id=95
	name=95_Limousin
	history={
		owner = FRA
		buildings = {
			infrastructure = 4
		}
		add_core_of = FRA
	}
	provinces={
		3581 3990 3991 4027 4072 4378 4424 4462 4558 4559 4689 4720 4768 4804 4808 4845 4892 4893 4991 4993 4997 5042 5182 5359 5360 5365 5403 5405 5495 5591 5671 5711 5746 5783 5790 5833 5948 5990 5992 6063 6066 6067 6129 6203 6211 6279 6343 6344 6393 6494 6625 6723 7016 7020 7039 7098 7145 7282 7360 7391 7487 7540 7544 7657 7684 7799
	}
	manpower=1000
	buildings_max_level_factor=1.000
	state_category=rural
}